Survey,CSA,CBSA,MONCOV,CBSA,,1-unit,,,2-units,,,3-4 units,,,5+ units,,,1-unit rep,,,2-units rep,,,3-4 units rep,,,5+ units rep
Date,Code,Code,,Name,Bldgs,Units,Value,Bldgs,Units,Value,Bldgs,Units,Value,Bldgs,Units,Value,Bldgs,Units,Value,Bldgs,Units,Value,      Bldgs,Units,Value,Bldgs,Units,Value
 
202012,104,10580,C,Albany-Schenectady-Troy  NY ,1300,1300,348356,22,44,7715,21,80,13288,53,564,55349,1150,1150,308630,18,36,6555,17,67,10978,49,530,53449
202012,104,24020, ,Glens Falls  NY ,226,226,59284,0,0,0,0,0,0,1,72,17000,140,140,38234,0,0,0,0,0,0,1,72,17000
202012,106,10740,C,Albuquerque  NM ,1925,1925,489907,0,0,0,7,21,2293,12,68,2833,1180,1180,324485,0,0,0,0,0,0,0,0,0
202012,106,42140,C,Santa Fe  NM ,288,288,78554,0,0,0,0,0,0,23,317,44357,0,0,0,0,0,0,0,0,0,0,0,0
202012,107,11020, ,Altoona  PA ,0,0,0,0,0,0,0,0,0,0,0,0,0,0,0,0,0,0,0,0,0,0,0,0
202012,108,11100, ,Amarillo  TX ,560,560,131050,0,0,0,0,0,0,39,285,33815,560,560,131050,0,0,0,0,0,0,39,285,33815
202012,118,11540, ,Appleton  WI ,452,452,133634,27,54,9726,0,0,0,28,322,36800,452,452,133634,27,54,9726,0,0,0,28,322,36800
202012,118,36780, ,Oshkosh-Neenah  WI ,187,187,53811,12,24,3842,1,3,450,19,265,23487,187,187,53811,12,24,3842,1,3,450,19,265,23487
202012,120,11700, ,Asheville  NC ,2053,2053,606819,3,6,1322,0,0,0,58,1163,112893,648,648,193126,0,0,0,0,0,0,0,0,0
202012,122,12020, ,Athens-Clarke County  GA ,545,545,165315,113,226,32327,32,123,10489,0,0,0,545,545,165315,113,226,32327,32,123,10489,0,0,0
202012,122,12060, ,Atlanta-Sandy Springs-Alpharetta  GA ,28057,28057,6380069,21,42,6091,56,196,29557,143,3332,435267,26045,26045,5930476,21,42,6091,56,196,29557,134,3279,425286
202012,122,23580, ,Gainesville  GA ,758,758,175081,4,8,572,0,0,0,7,314,38290,125,125,23619,3,6,360,0,0,0,7,314,38290
202012,122,40660,C,Rome  GA ,282,282,46376,0,0,0,0,0,0,0,0,0,282,282,46376,0,0,0,0,0,0,0,0,0
202012,140,13460,C,Bend  OR ,1792,1792,464864,65,130,16129,5,17,2913,19,464,73684,1082,1082,313627,6,12,1705,5,17,2913,12,151,16711
202012,142,13820,C,Birmingham-Hoover  AL ,3543,3543,994375,13,26,3388,0,0,0,21,307,31215,2640,2640,774630,2,4,740,0,0,0,8,200,20331
202012,144,14020,C,Bloomington  IN ,283,283,75861,10,20,2840,0,0,0,12,347,40746,29,29,7928,0,0,0,0,0,0,0,0,0
202012,145,14010, ,Bloomington  IL ,128,128,26206,10,20,1492,0,0,0,5,81,10391,128,128,26206,10,20,1492,0,0,0,5,81,10391
202012,146,14100,C,Bloomsburg-Berwick  PA ,82,82,19237,3,6,766,0,0,0,0,0,0,37,37,8732,2,4,480,0,0,0,0,0,0
202012,147,14260,C,Boise City  ID ,8112,8112,1927483,72,144,22049,92,351,50063,65,1109,128311,7329,7329,1702711,71,142,21749,92,351,50063,65,1109,128311
202012,148,12700, ,Barnstable Town  MA ,88,88,42738,3,6,1012,2,6,900,1,10,1500,59,59,24486,3,6,1012,2,6,900,1,10,1500
202012,148,14460,C,Boston-Cambridge-Newton  MA-NH ,4546,4546,1409879,257,514,97678,90,307,54698,510,8788,2283000,2504,2504,798645,156,312,56644,63,212,41696,142,5572,1943730
202012,148,31700, ,Manchester-Nashua  NH ,310,310,67684,19,38,4963,0,0,0,3,93,10641,123,123,33140,5,10,1158,0,0,0,3,93,10641
202012,148,39300,C,Providence-Warwick  RI-MA ,1605,1605,385340,93,186,18827,26,97,8779,20,137,16736,1115,1115,275087,54,108,10649,4,15,1826,10,79,6740
202012,148,49340, ,Worcester  MA-CT ,197,197,45555,1,2,180,0,0,0,4,21,376,95,95,21434,1,2,180,0,0,0,4,21,376
202012,150,14540, ,Bowling Green  KY ,774,774,172853,8,16,1475,3,12,945,17,150,7716,774,774,172853,8,16,1475,3,12,945,17,150,7716
202012,154,15180, ,Brownsville-Harlingen  TX ,1107,1107,113171,27,54,3694,10,32,4106,9,125,10302,0,0,0,0,0,0,0,0,0,0,0,0
202012,160,15380,C,Buffalo-Cheektowaga  NY ,930,930,305787,16,32,5783,8,31,7187,37,469,64979,783,783,261906,15,30,5583,7,27,6192,21,219,13527
202012,162,15540, ,Burlington-South Burlington  VT ,260,260,80251,16,32,5171,4,13,1506,16,343,29904,163,163,55899,9,18,2723,4,13,1506,10,306,26610
202012,163,15980,C,Cape Coral-Fort Myers  FL ,6822,6822,1427341,224,448,50014,27,108,27953,116,3298,431685,6760,6760,1413297,223,446,49868,27,108,27953,113,3254,426952
202012,163,34940, ,Naples-Marco Island  FL ,2984,2984,687029,1,2,240,37,137,28954,47,988,301691,2984,2984,687029,1,2,240,37,137,28954,47,988,301691
202012,164,16020, ,Cape Girardeau  MO-IL ,0,0,0,0,0,0,0,0,0,0,0,0,0,0,0,0,0,0,0,0,0,0,0,0
202012,168,16300, ,Cedar Rapids  IA ,336,336,55098,32,64,7455,6,22,2700,3,81,9797,319,319,48845,32,64,7455,6,22,2700,3,81,9797
202012,168,26980, ,Iowa City  IA ,278,278,70078,5,10,2487,4,15,2693,8,313,31457,253,253,66412,5,10,2487,4,15,2693,8,313,31457
202012,170,16620, ,Charleston  WV ,256,256,21691,0,0,0,1,4,240,2,36,4360,210,210,19535,0,0,0,1,4,240,2,36,4360
202012,170,26580, ,Huntington-Ashland  WV-KY-OH ,225,225,38572,2,4,373,1,3,153,1,12,1454,86,86,7766,1,2,159,1,3,153,0,0,0
202012,172,16740, ,Charlotte-Concord-Gastonia  NC-SC ,17807,17807,4519707,32,64,7604,7,22,4027,193,6332,627577,14643,14643,3508375,30,60,7162,5,16,2978,181,6162,608280
202012,174,16860, ,Chattanooga  TN-GA ,1825,1825,388441,47,94,7176,10,32,2701,24,433,43381,1318,1318,274490,7,14,1406,4,14,1657,0,0,0
202012,174,17420, ,Cleveland  TN ,421,421,76643,1,2,120,10,35,3348,0,0,0,208,208,38012,1,2,120,10,35,3348,0,0,0
202012,176,16980, ,Chicago-Naperville-Elgin  IL-IN-WI ,8120,8120,2319023,161,322,57256,147,498,88640,237,6108,745868,6980,6980,1995915,145,290,51602,137,466,84582,199,5876,706439
202012,176,28100, ,Kankakee  IL ,20,20,5735,0,0,0,0,0,0,0,0,0,20,20,5735,0,0,0,0,0,0,0,0,0
202012,176,33140, ,Michigan City-La Porte  IN ,110,110,31615,0,0,0,0,0,0,0,0,0,102,102,29644,0,0,0,0,0,0,0,0,0
202012,178,17140, ,Cincinnati  OH-KY-IN ,5372,5372,1413488,29,58,8251,26,97,12271,92,1732,199603,4928,4928,1299926,29,58,8251,26,97,12271,92,1732,199603
202012,184,10420, ,Akron  OH ,514,514,285562,2,4,314,3,11,642,4,24,730,514,514,285562,2,4,314,3,11,642,4,24,730
202012,184,15940, ,Canton-Massillon  OH ,445,445,113949,14,28,3321,8,26,2072,14,90,6366,393,393,107880,14,28,3321,2,8,1149,3,32,1911
202012,184,17460, ,Cleveland-Elyria  OH ,2778,2778,792560,14,28,2316,31,116,6268,20,424,51579,2410,2410,718747,9,18,2263,27,104,5438,20,424,51579
202012,190,17860, ,Columbia  MO ,801,801,215036,3,6,525,0,0,0,5,122,20701,793,793,213600,3,6,525,0,0,0,5,122,20701
202012,192,17900,C,Columbia  SC ,4771,4771,1068196,2,4,301,0,0,0,14,86,11228,1434,1434,275537,2,4,301,0,0,0,1,8,635
202012,194,12220,C,Auburn-Opelika  AL ,1316,1316,355549,9,18,3391,5,18,3982,59,869,126025,926,926,261672,7,14,2533,5,18,3982,56,854,124176
202012,194,17980, ,Columbus  GA-AL ,1277,1277,169080,7,14,689,0,0,0,18,511,78505,1276,1276,168846,7,14,689,0,0,0,18,511,78505
202012,198,18140, ,Columbus  OH ,5307,5307,1581320,51,102,18238,43,159,17511,246,6484,557104,4642,4642,1401943,48,96,16738,33,121,13592,231,6397,548714
202012,204,18580, ,Corpus Christi  TX ,1281,1281,291970,0,0,0,0,0,0,0,0,0,1190,1190,278237,0,0,0,0,0,0,0,0,0
202012,206,19100, ,Dallas-Fort Worth-Arlington  TX ,43884,43884,10924478,414,828,99524,57,217,28015,389,15133,1805827,28971,28971,7617007,331,662,80223,40,155,19609,301,12122,1435956
202012,209,19340, ,Davenport-Moline-Rock Island  IA-IL ,319,319,77509,0,0,0,6,22,2887,4,90,18486,232,232,62848,0,0,0,6,22,2887,3,75,16924
202012,212,19430, ,Dayton-Kettering  OH ,1025,1025,341382,14,28,4811,9,28,3921,11,193,21883,668,668,260964,12,24,4500,9,28,3921,11,193,21883
202012,212,44220, ,Springfield  OH ,129,129,35937,0,0,0,1,4,364,1,6,505,129,129,35937,0,0,0,1,4,364,1,6,505
202012,216,14500, ,Boulder  CO ,542,542,223005,9,18,3507,5,17,3983,38,963,148707,410,410,165619,0,0,0,0,0,0,19,558,82198
202012,216,19740,C,Denver-Aurora-Lakewood  CO ,11188,11188,3214783,159,318,56139,29,101,17642,141,7959,1101561,11042,11042,3157148,159,318,56139,29,101,17642,138,7887,1092861
202012,216,24540, ,Greeley  CO ,3046,3046,823887,14,28,5279,15,55,11209,39,722,62877,2476,2476,665389,14,28,5279,12,44,8968,38,702,61577
202012,218,11180, ,Ames  IA ,89,89,28176,0,0,0,1,3,440,1,8,875,88,88,27879,0,0,0,1,3,440,1,8,875
202012,218,19780, ,Des Moines-West Des Moines  IA ,4653,4653,1291098,22,44,9681,2,8,1157,56,1698,204003,4532,4532,1250052,22,44,9681,2,8,1157,41,1566,189842
202012,220,11460, ,Ann Arbor  MI ,450,450,137895,66,132,12310,5,17,3572,3,44,6110,326,326,102427,66,132,12310,2,8,1748,1,34,5010
202012,220,19820, ,Detroit-Warren-Dearborn  MI ,5191,5191,1462850,49,98,15704,36,133,18966,99,1822,296140,4231,4231,1247356,44,88,14967,20,77,14139,77,1524,255810
202012,220,22420, ,Flint  MI ,219,219,56877,0,0,0,25,92,18984,0,0,0,148,148,36569,0,0,0,0,0,0,0,0,0
202012,220,33780, ,Monroe  MI ,6,6,1432,0,0,0,0,0,0,0,0,0,6,6,1432,0,0,0,0,0,0,0,0,0
202012,222,20020, ,Dothan  AL ,296,296,75437,0,0,0,0,0,0,0,0,0,296,296,75437,0,0,0,0,0,0,0,0,0
202012,232,20740, ,Eau Claire  WI ,427,427,119840,77,154,23361,4,16,2431,33,354,44587,424,424,119189,77,154,23361,4,16,2431,33,354,44587
202012,236,21300, ,Elmira  NY ,1,1,280,0,0,0,0,0,0,0,0,0,1,1,280,0,0,0,0,0,0,0,0,0
202012,238,21340,C,El Paso  TX ,2859,2859,679166,63,126,16802,9,33,4374,20,340,45784,754,754,176254,20,40,4917,0,0,0,0,0,0
202012,238,29740,C,Las Cruces  NM ,1033,1033,264365,2,4,789,2,8,632,7,64,4500,905,905,235936,2,4,789,2,8,632,7,64,4500
202012,240,21500, ,Erie  PA ,62,62,13839,0,0,0,2,8,400,3,21,1900,62,62,13839,0,0,0,2,8,400,3,21,1900
202012,244,22020, ,Fargo  ND-MN ,1193,1193,328863,0,0,0,2,8,1472,14,768,81694,1174,1174,323468,0,0,0,2,8,1472,14,768,81694
202012,246,22180, ,Fayetteville  NC ,1707,1707,303559,3,6,635,1,4,600,3,66,12000,970,970,200010,3,6,635,1,4,600,3,66,12000
202012,258,23060,C,Fort Wayne  IN ,1520,1520,422299,70,140,8407,4,15,1420,12,111,8247,1520,1520,422299,70,140,8407,4,15,1420,12,111,8247
202012,260,23420,C,Fresno  CA ,2631,2631,796593,34,68,9392,13,46,4187,37,353,48331,51,51,12858,1,2,444,0,0,0,0,0,0
202012,260,31460, ,Madera  CA ,741,741,332712,0,0,0,0,0,0,7,106,17063,741,741,332712,0,0,0,0,0,0,7,106,17063
202012,264,23540, ,Gainesville  FL ,604,604,173587,0,0,0,0,0,0,12,906,30849,455,455,153595,0,0,0,0,0,0,0,0,0
202012,266,24340, ,Grand Rapids-Kentwood  MI ,1517,1517,418542,17,34,7056,9,33,3869,36,733,109500,1414,1414,388054,14,28,5646,8,30,3002,23,601,95317
202012,266,34740, ,Muskegon  MI ,33,33,6011,0,0,0,0,0,0,0,0,0,0,0,0,0,0,0,0,0,0,0,0,0
202012,267,24580, ,Green Bay  WI ,726,726,204704,15,30,4779,0,0,0,31,268,21391,548,548,155394,15,30,4779,0,0,0,19,205,16994
202012,268,15500, ,Burlington  NC ,800,800,151742,0,0,0,0,0,0,0,0,0,800,800,151742,0,0,0,0,0,0,0,0,0
202012,268,24660,C,Greensboro-High Point  NC ,2253,2253,537784,6,12,899,0,0,0,27,902,107656,1536,1536,304555,4,8,717,0,0,0,27,902,107656
202012,268,49180, ,Winston-Salem  NC ,2837,2837,546262,0,0,0,2,6,553,7,80,11658,2639,2639,500138,0,0,0,0,0,0,1,28,9608
202012,272,24780, ,Greenville  NC ,332,332,77690,16,32,3401,0,0,0,0,0,0,332,332,77690,16,32,3401,0,0,0,0,0,0
202012,273,24860, ,Greenville-Anderson  SC ,6369,6369,1611521,78,156,14807,3,11,1518,99,2056,182093,6103,6103,1559864,77,154,14642,3,11,1518,95,1996,177486
202012,273,43900, ,Spartanburg  SC ,2839,2839,459852,0,0,0,0,0,0,0,0,0,0,0,0,0,0,0,0,0,0,0,0,0
202012,276,23900,C,Gettysburg  PA ,237,237,51994,0,0,0,0,0,0,0,0,0,0,0,0,0,0,0,0,0,0,0,0,0
202012,276,25420,C,Harrisburg-Carlisle  PA ,1266,1266,271410,15,30,4464,18,63,9811,26,257,25987,753,753,162457,5,10,1223,12,42,6272,18,206,21078
202012,276,30140, ,Lebanon  PA ,165,165,31579,0,0,0,0,0,0,2,11,1138,165,165,31579,0,0,0,0,0,0,2,11,1138
202012,276,49620, ,York-Hanover  PA ,136,136,34813,4,8,759,11,41,3853,3,38,1875,121,121,30867,4,8,759,11,41,3853,3,38,1875
202012,277,25500,C,Harrisonburg  VA ,575,575,166284,0,0,0,0,0,0,2,21,2857,575,575,166284,0,0,0,0,0,0,2,21,2857
202012,277,44420, ,Staunton  VA ,242,242,54213,0,0,0,0,0,0,2,80,10000,242,242,54213,0,0,0,0,0,0,2,80,10000
202012,278,25540,C,Hartford-East Hartford-Middletown  CT ,804,804,185834,15,30,2861,9,35,5341,44,527,44115,575,575,135827,8,16,1421,9,35,5341,12,250,24355
202012,278,35980, ,Norwich-New London  CT ,174,174,39329,2,4,486,0,0,0,5,80,5579,119,119,28765,0,0,0,0,0,0,5,80,5579
202012,279,25620, ,Hattiesburg  MS ,48,48,11920,0,0,0,1,3,462,0,0,0,0,0,0,0,0,0,0,0,0,0,0,0
202012,284,26300, ,Hot Springs  AR ,79,79,17772,1,2,400,0,0,0,1,7,700,79,79,17772,1,2,400,0,0,0,1,7,700
202012,288,26420, ,Houston-The Woodlands-Sugar Land  TX ,48208,48208,9803274,157,314,24765,9,35,5805,606,19858,2054714,38986,38986,7973022,153,306,23777,9,35,5805,520,17810,1824864
202012,290,19460, ,Decatur  AL ,206,206,43953,0,0,0,0,0,0,1,8,800,150,150,33405,0,0,0,0,0,0,1,8,800
202012,290,26620,C,Huntsville  AL ,4211,4211,777492,13,26,2185,4,15,4353,7,90,8804,2536,2536,356143,13,26,2185,4,15,4353,7,90,8804
202012,292,26820, ,Idaho Falls  ID ,1126,1126,191173,2,4,314,5,20,2819,0,0,0,1112,1112,188759,2,4,314,5,20,2819,0,0,0
202012,294,18020, ,Columbus  IN ,169,169,43019,0,0,0,0,0,0,0,0,0,169,169,43019,0,0,0,0,0,0,0,0,0
202012,294,26900, ,Indianapolis-Carmel-Anderson  IN ,8083,8083,2433966,98,196,34116,39,148,21298,98,2242,248225,7418,7418,2251154,95,190,33579,39,148,21298,97,2237,248122
202012,294,34620, ,Muncie  IN ,32,32,5581,0,0,0,0,0,0,1,55,6901,32,32,5581,0,0,0,0,0,0,1,55,6901
202012,296,27060, ,Ithaca  NY ,13,13,3778,7,14,1659,0,0,0,11,64,7682,0,0,0,0,0,0,0,0,0,0,0,0
202012,297,27180, ,Jackson  TN ,162,162,41211,0,0,0,0,0,0,0,0,0,162,162,41211,0,0,0,0,0,0,0,0,0
202012,298,27140, ,Jackson  MS ,1079,1079,280300,1,2,247,1,3,45,3,62,6845,840,840,210529,0,0,0,0,0,0,0,0,0
202012,300,27260,C,Jacksonville  FL ,13046,13046,3271254,34,68,8471,41,164,21987,65,3083,336272,11882,11882,2956695,33,66,7956,41,164,21987,56,2890,334090
202012,304,27740, ,Johnson City  TN ,185,185,32597,2,4,225,1,3,203,25,343,9416,185,185,32597,2,4,225,1,3,203,25,343,9416
202012,304,28700, ,Kingsport-Bristol  TN-VA ,16,16,4610,0,0,0,0,0,0,0,0,0,4,4,1450,0,0,0,0,0,0,0,0,0
202012,306,27780, ,Johnstown  PA ,1,1,250,0,0,0,0,0,0,0,0,0,1,1,250,0,0,0,0,0,0,0,0,0
202012,308,27860, ,Jonesboro  AR ,544,544,83482,36,72,4937,39,142,7370,13,76,4294,77,77,10295,1,2,125,0,0,0,0,0,0
202012,309,27900, ,Joplin  MO ,209,209,36012,11,22,2123,0,0,0,9,124,8514,181,181,31907,11,22,2123,0,0,0,9,124,8514
202012,310,12980, ,Battle Creek  MI ,3,3,500,0,0,0,0,0,0,0,0,0,3,3,500,0,0,0,0,0,0,0,0,0
202012,310,28020, ,Kalamazoo-Portage  MI ,203,203,51401,0,0,0,0,0,0,0,0,0,164,164,42379,0,0,0,0,0,0,0,0,0
202012,312,28140, ,Kansas City  MO-KS ,6159,6159,1746565,150,300,40599,84,329,50506,140,3950,405648,5634,5634,1587061,141,282,38860,82,323,49583,135,3925,402744
202012,312,29940, ,Lawrence  KS ,193,193,63657,0,0,0,0,0,0,8,99,9225,193,193,63657,0,0,0,0,0,0,8,99,9225
202012,312,41140, ,St. Joseph  MO-KS ,2,2,450,0,0,0,0,0,0,0,0,0,2,2,450,0,0,0,0,0,0,0,0,0
202012,313,28420,C,Kennewick-Richland  WA ,1748,1748,511572,14,28,4196,1,4,682,9,190,26969,1748,1748,511572,14,28,4196,1,4,682,9,190,26969
202012,313,47460, ,Walla Walla  WA ,109,109,33001,4,8,1234,2,8,1045,0,0,0,98,98,31901,4,8,1234,2,8,1045,0,0,0
202012,315,28940, ,Knoxville  TN ,3412,3412,757977,21,42,8376,27,94,12698,52,1373,215921,3180,3180,721709,21,42,8376,27,94,12698,36,1049,189801
202012,316,29020, ,Kokomo  IN ,110,110,25299,7,14,800,0,0,0,1,16,1000,110,110,25299,7,14,800,0,0,0,1,16,1000
202012,318,29180, ,Lafayette  LA ,2521,2521,473057,0,0,0,1,3,274,2,13,1375,1983,1983,375436,0,0,0,1,3,274,2,13,1375
202012,320,29200, ,Lafayette-West Lafayette  IN ,401,401,107798,0,0,0,0,0,0,32,916,105837,371,371,103262,0,0,0,0,0,0,18,510,61829
202012,324,29340, ,Lake Charles  LA ,890,890,154474,34,68,4632,0,0,0,3,72,4000,396,396,61456,30,60,4245,0,0,0,3,72,4000
202012,332,29820,C,Las Vegas-Henderson-Paradise  NV ,10038,10038,2474443,269,538,29898,177,584,67290,168,2940,252596,10038,10038,2474443,269,538,29898,177,584,67290,168,2940,252596
202012,336,30460,C,Lexington-Fayette  KY ,1450,1450,334629,16,32,3729,13,47,7582,25,782,74302,628,628,162801,14,28,3291,6,23,4021,9,51,3825
202012,338,30620, ,Lima  OH ,7,7,2610,1,2,80,0,0,0,0,0,0,7,7,2610,0,0,0,0,0,0,0,0,0
202012,339,30700, ,Lincoln  NE ,1090,1090,251591,15,30,4221,1,3,480,18,745,84552,52,52,12587,0,0,0,0,0,0,0,0,0
202012,340,30780, ,Little Rock-North Little Rock-Conway  AR ,2033,2033,435507,30,60,6299,33,99,8880,31,399,30394,1455,1455,346586,19,38,4630,33,99,8880,19,316,28109
202012,340,38220, ,Pine Bluff  AR ,23,23,3489,0,0,0,0,0,0,0,0,0,10,10,1592,0,0,0,0,0,0,0,0,0
202012,348,31080,C,Los Angeles-Long Beach-Anaheim  CA ,9580,9580,2832297,637,1274,264152,125,424,98410,428,15796,3094927,7813,7813,2271775,583,1166,236173,91,315,76316,345,13323,2667123
202012,348,37100, ,Oxnard-Thousand Oaks-Ventura  CA ,114,114,31258,18,36,6347,10,30,8299,27,620,109059,114,114,31258,18,36,6347,10,30,8299,27,620,109059
202012,348,40140, ,Riverside-San Bernardino-Ontario  CA ,12432,12432,3204706,105,210,22964,84,305,48527,144,1381,174540,11434,11434,3002062,103,206,22561,84,305,48527,126,1281,167757
202012,350,21060, ,Elizabethtown-Fort Knox  KY ,495,495,97985,24,48,5732,18,66,4537,10,152,9017,495,495,97985,24,48,5732,18,66,4537,10,152,9017
202012,350,31140, ,Louisville-Jefferson County  KY-IN ,3606,3606,879888,26,52,7044,9,32,4406,32,768,69578,3344,3344,823546,26,52,7044,8,28,3606,32,768,69578
202012,352,31180, ,Lubbock  TX ,2017,2017,420456,127,254,28413,1,4,400,138,1576,153258,1999,1999,417141,127,254,28413,1,4,400,135,1561,152180
202012,356,31420, ,Macon-Bibb County  GA ,360,360,73605,0,0,0,0,0,0,0,0,0,0,0,0,0,0,0,0,0,0,0,0,0
202012,356,47580, ,Warner Robins  GA ,1094,1094,222462,1,2,118,6,24,2442,4,90,7500,866,866,167889,1,2,118,6,24,2442,4,90,7500
202012,357,27500, ,Janesville-Beloit  WI ,246,246,53842,9,18,3319,0,0,0,2,140,19262,139,139,24440,9,18,3319,0,0,0,2,140,19262
202012,357,31540, ,Madison  WI ,1641,1641,559076,52,104,22580,9,34,4610,64,2864,371083,1333,1333,471052,28,56,10561,7,28,3552,55,2768,356306
202012,359,31860, ,Mankato  MN ,142,142,30385,2,4,550,2,7,2250,3,162,26294,142,142,30385,2,4,550,2,7,2250,3,162,26294
202012,365,32580,C,McAllen-Edinburg-Mission  TX ,3496,3496,670233,78,156,8824,195,778,65972,33,484,42916,3128,3128,631956,73,146,8074,194,775,65569,33,484,42916
202012,366,32780, ,Medford  OR ,526,526,145454,2,4,848,0,0,0,7,87,10217,526,526,145454,2,4,848,0,0,0,7,87,10217
202012,368,32820, ,Memphis  TN-MS-AR ,3848,3848,824390,12,24,3453,4,14,2111,29,872,103099,3402,3402,751898,12,24,3453,4,14,2111,28,849,100299
202012,370,33100, ,Miami-Fort Lauderdale-Pompano Beach  FL ,7800,7800,2614129,167,334,64259,98,369,46936,345,13331,2040789,6899,6899,2231575,167,334,64259,92,349,41788,310,12924,2002906
202012,370,38940, ,Port St. Lucie  FL ,4111,4111,930500,88,176,17602,3,12,834,31,193,8021,4111,4111,930500,88,176,17602,3,12,834,31,193,8021
202012,370,42680, ,Sebastian-Vero Beach  FL ,933,933,380538,1,2,251,1,3,184,0,0,0,933,933,380538,1,2,251,1,3,184,0,0,0
202012,372,33260, ,Midland  TX ,1289,1289,178729,0,0,0,0,0,0,0,0,0,1289,1289,178729,0,0,0,0,0,0,0,0,0
202012,372,36220,C,Odessa  TX ,898,898,210401,1,2,224,0,0,0,8,288,34519,898,898,210401,1,2,224,0,0,0,8,288,34519
202012,376,33340,C,Milwaukee-Waukesha  WI ,1596,1596,619889,160,320,58338,6,24,3481,41,711,91957,1385,1385,517135,140,280,55009,6,24,3481,40,475,55957
202012,376,39540, ,Racine  WI ,113,113,41387,8,16,3055,0,0,0,3,36,5812,113,113,41387,8,16,3055,0,0,0,3,36,5812
202012,378,33460, ,Minneapolis-St. Paul-Bloomington  MN-WI ,9893,9893,3054915,69,138,27123,37,139,29348,165,11238,1665807,8869,8869,2703458,60,120,23382,32,121,25490,148,10842,1618040
202012,378,41060, ,St. Cloud  MN ,8,8,2643,0,0,0,0,0,0,0,0,0,0,0,0,0,0,0,0,0,0,0,0,0
202012,380,19300, ,Daphne-Fairhope-Foley  AL ,2439,2439,531434,8,16,2604,0,0,0,27,377,49294,786,786,225396,4,8,1572,0,0,0,12,175,32831
202012,380,33660, ,Mobile  AL ,880,880,188511,0,0,0,0,0,0,0,0,0,876,876,188052,0,0,0,0,0,0,0,0,0
202012,384,33740, ,Monroe  LA ,313,313,70935,7,14,694,10,32,5031,10,51,5904,224,224,52424,1,2,247,0,0,0,0,0,0
202012,388,33860, ,Montgomery  AL ,934,934,217505,2,4,180,1,4,370,1,5,420,934,934,217505,2,4,180,1,4,370,1,5,420
202012,390,34060, ,Morgantown  WV ,14,14,5580,0,0,0,0,0,0,0,0,0,12,12,5146,0,0,0,0,0,0,0,0,0
202012,396,34820, ,Myrtle Beach-Conway-North Myrtle Beach  SC-NC ,7151,7151,1338967,50,100,9987,0,0,0,33,566,53790,5733,5733,1011606,50,100,9987,0,0,0,26,531,52040
202012,400,34980, ,Nashville-Davidson--Murfreesboro--Franklin  TN ,14125,14125,3808451,58,116,16527,60,228,36826,217,11060,996567,12280,12280,3335502,56,112,16366,59,224,35826,213,11020,993398
202012,406,25220, ,Hammond  LA ,1042,1042,173214,4,8,860,0,0,0,0,0,0,0,0,0,0,0,0,0,0,0,0,0,0
202012,406,35380, ,New Orleans-Metairie  LA ,3506,3506,795562,144,288,32325,5,18,3321,11,480,85740,2619,2619,574904,21,42,4096,0,0,0,0,0,0
202012,408,14860,C,Bridgeport-Stamford-Norwalk  CT ,653,653,352506,26,52,9129,1,4,1200,42,1168,149900,418,418,193689,13,26,6802,1,4,1200,31,1033,117069
202012,408,20700, ,East Stroudsburg  PA ,94,94,28588,0,0,0,0,0,0,0,0,0,67,67,20463,0,0,0,0,0,0,0,0,0
202012,408,28740, ,Kingston  NY ,60,60,14565,1,2,200,0,0,0,6,35,8537,53,53,13221,1,2,200,0,0,0,0,0,0
202012,408,35300, ,New Haven-Milford  CT ,225,225,38909,15,30,3109,0,0,0,24,834,43364,169,169,29264,15,30,3109,0,0,0,11,705,35115
202012,408,35620,C,New York-Newark-Jersey City  NY-NJ-PA ,10969,10969,2691479,818,1636,199881,250,820,87699,1298,40283,4669780,8479,8479,2009436,577,1154,155235,172,568,63733,827,33734,3860545
202012,408,39100, ,Poughkeepsie-Newburgh-Middletown  NY ,285,285,93499,5,10,2925,6,22,4028,27,537,73349,170,170,43734,5,10,2925,5,19,3278,27,537,73349
202012,408,45940,C,Trenton-Princeton  NJ ,218,218,64598,0,0,0,7,25,2115,32,587,48530,95,95,41521,0,0,0,7,25,2115,20,525,44205
202012,412,35840,C,North Port-Sarasota-Bradenton  FL ,8431,8431,2213082,72,144,15926,35,132,24780,47,780,86916,8431,8431,2213082,72,144,15926,35,132,24780,47,780,86916
202012,412,39460, ,Punta Gorda  FL ,2267,2267,625599,53,106,16502,11,44,11847,19,374,61524,2267,2267,625599,53,106,16502,11,44,11847,19,374,61524
202012,416,36420,C,Oklahoma City  OK ,6873,6873,1624283,161,322,32017,6,23,3308,24,246,16782,6038,6038,1467876,141,282,28861,6,23,3308,24,246,16782
202012,420,36540, ,Omaha-Council Bluffs  NE-IA ,3543,3543,757546,28,56,7773,4,14,2581,71,1966,164935,3026,3026,631893,22,44,6500,3,11,1981,69,1956,163827
202012,422,19660, ,Deltona-Daytona Beach-Ormond Beach  FL ,3492,3492,1014571,124,248,37687,0,0,0,29,971,95612,2869,2869,817948,123,246,37612,0,0,0,0,0,0
202012,422,29460, ,Lakeland-Winter Haven  FL ,7075,7075,1483873,13,26,1980,26,103,14658,66,1966,188262,5420,5420,1042542,13,26,1980,26,103,14658,66,1966,188262
202012,422,36740, ,Orlando-Kissimmee-Sanford  FL ,15523,15523,4233442,177,354,64911,29,114,14392,186,7983,1043813,10227,10227,2678260,173,346,63375,26,103,12932,97,5458,775556
202012,422,45540,C,The Villages  FL ,2942,2942,800074,0,0,0,2,8,1792,24,748,73779,2932,2932,798178,0,0,0,2,8,1792,24,748,73779
202012,425,37620, ,Parkersburg-Vienna  WV ,59,59,13968,0,0,0,0,0,0,0,0,0,59,59,13968,0,0,0,0,0,0,0,0,0
202012,426,37860,C,Pensacola-Ferry Pass-Brent  FL ,4104,4104,883506,8,16,698,4,12,987,12,260,22356,4104,4104,883506,8,16,698,4,12,987,12,260,22356
202012,428,12100,C,Atlantic City-Hammonton  NJ ,500,500,136288,3,6,961,0,0,0,15,162,18406,467,467,123556,3,6,961,0,0,0,3,15,2
202012,428,20100,C,Dover  DE ,1666,1666,235087,39,78,7215,2,7,926,25,385,46482,1643,1643,230142,39,78,7215,2,7,926,25,385,46482
202012,428,36140,C,Ocean City  NJ ,474,474,200912,86,172,38443,5,19,2479,3,15,685,401,401,193788,85,170,37773,5,19,2479,1,5,616
202012,428,37980,C,Philadelphia-Camden-Wilmington  PA-NJ-DE-MD ,8052,8052,1524555,253,506,79638,215,754,96800,349,6770,757541,5137,5137,1073536,241,482,76533,204,716,92233,243,5744,621094
202012,428,39740, ,Reading  PA ,48,48,9268,0,0,0,0,0,0,0,0,0,25,25,3508,0,0,0,0,0,0,0,0,0
202012,428,47220,C,Vineland-Bridgeton  NJ ,140,140,32064,0,0,0,0,0,0,0,0,0,90,90,7069,0,0,0,0,0,0,0,0,0
202012,429,38060,C,Phoenix-Mesa-Chandler  AZ ,31724,31724,8438519,329,658,80435,62,207,37919,447,14029,1840407,30445,30445,8149149,321,642,78358,62,207,37919,434,12824,1629640
202012,430,38300, ,Pittsburgh  PA ,1121,1121,356352,13,26,5463,12,40,6207,16,771,108681,732,732,267403,6,12,3702,3,12,2556,3,328,51669
202012,430,48260, ,Weirton-Steubenville  WV-OH ,0,0,0,0,0,0,0,0,0,0,0,0,0,0,0,0,0,0,0,0,0,0,0,0
202012,438,30340, ,Lewiston-Auburn  ME ,78,78,16355,6,12,840,0,0,0,7,84,7301,64,64,13633,5,10,640,0,0,0,7,84,7301
202012,438,38860, ,Portland-South Portland  ME ,1484,1484,425962,50,100,17504,8,26,2645,33,600,89948,792,792,226364,31,62,11601,4,14,1645,21,540,85044
202012,440,10540, ,Albany-Lebanon  OR ,352,352,79831,16,32,5719,4,15,1976,22,263,31051,15,15,3819,1,2,619,0,0,0,2,10,1099
202012,440,18700, ,Corvallis  OR ,53,53,12949,0,0,0,0,0,0,2,18,2610,53,53,12949,0,0,0,0,0,0,2,18,2610
202012,440,31020, ,Longview  WA ,280,280,68241,2,4,533,0,0,0,0,0,0,0,0,0,0,0,0,0,0,0,0,0,0
202012,440,38900, ,Portland-Vancouver-Hillsboro  OR-WA ,7527,7527,2181271,71,142,24979,22,82,12564,184,5423,667513,5963,5963,1709438,69,138,24283,12,43,6910,157,5022,622328
202012,440,41420, ,Salem  OR ,695,695,194964,14,28,5741,7,26,4414,54,762,89467,695,695,194964,14,28,5741,7,26,4414,54,762,89467
202012,444,39380,C,Pueblo  CO ,581,581,93289,0,0,0,0,0,0,0,0,0,0,0,0,0,0,0,0,0,0,0,0,0
202012,450,20500,C,Durham-Chapel Hill  NC ,3593,3593,846831,7,14,1052,5,17,5837,31,1763,219524,833,833,214794,1,2,152,2,7,1650,6,106,15641
202012,450,39580,C,Raleigh-Cary  NC ,12697,12697,2857466,12,24,3351,2,8,1301,78,4229,598532,12632,12632,2844224,12,24,3351,2,8,1301,78,4229,598532
202012,452,39660, ,Rapid City  SD ,521,521,116572,2,4,485,7,28,3520,19,679,66051,521,521,116572,2,4,485,7,28,3520,19,679,66051
202012,454,39820, ,Redding  CA ,210,210,62229,0,0,0,1,4,518,0,0,0,210,210,62229,0,0,0,1,4,518,0,0,0
202012,456,16180,C,Carson City  NV ,190,190,50053,0,0,0,3,9,1146,9,64,6390,0,0,0,0,0,0,0,0,0,0,0,0
202012,456,39900,C,Reno  NV ,2629,2629,713032,24,48,5037,14,48,6073,97,1779,224468,667,667,158741,0,0,0,1,4,300,0,0,0
202012,462,40340, ,Rochester  MN ,348,348,89554,0,0,0,0,0,0,5,129,18290,348,348,89554,0,0,0,0,0,0,5,129,18290
202012,464,40380, ,Rochester  NY ,1050,1050,260691,27,54,7441,21,74,9005,33,683,87123,872,872,220628,18,36,5209,18,65,8285,21,223,25094
202012,466,40420, ,Rockford  IL ,111,111,20845,15,30,4156,2,7,980,0,0,0,111,111,20845,15,30,4156,2,7,980,0,0,0
202012,472,40900,C,Sacramento-Roseville-Folsom  CA ,7282,7282,2194432,57,114,17675,23,89,17971,126,3587,599697,7100,7100,2137841,54,108,16235,23,89,17971,123,3504,564573
202012,474,13020, ,Bay City  MI ,7,7,1693,0,0,0,0,0,0,0,0,0,0,0,0,0,0,0,0,0,0,0,0,0
202012,474,33220, ,Midland  MI ,54,54,6434,0,0,0,0,0,0,0,0,0,54,54,6434,0,0,0,0,0,0,0,0,0
202012,474,40980, ,Saginaw  MI ,28,28,6117,0,0,0,0,0,0,0,0,0,28,28,6117,0,0,0,0,0,0,0,0,0
202012,476,41180, ,St. Louis  MO-IL ,5650,5650,1632399,46,92,15179,14,53,10222,92,2032,229589,4866,4866,1397391,42,84,13459,11,44,8247,61,1560,155106
202012,480,41540, ,Salisbury  MD-DE ,4279,4279,622048,117,234,26806,17,62,6397,35,328,37865,4180,4180,603728,117,234,26806,17,62,6397,35,328,37865
202012,482,36260, ,Ogden-Clearfield  UT ,3834,3834,987285,11,22,4608,42,153,27322,38,898,96178,3479,3479,904048,8,16,3555,11,36,5979,23,652,67852
202012,482,39340, ,Provo-Orem  UT ,6783,6783,1925598,24,48,9117,106,395,54718,76,724,101213,6556,6556,1829635,19,38,7337,105,391,54040,76,724,101213
202012,482,41620, ,Salt Lake City  UT ,5190,5190,1345156,140,280,34751,73,260,53100,112,5290,791282,4323,4323,1137040,122,244,33334,56,207,43389,80,2789,464879
202012,484,41700,C,San Antonio-New Braunfels  TX ,10586,10586,2434860,116,232,25755,24,94,11184,234,5836,665839,5489,5489,1256325,46,92,11287,20,80,10238,40,1002,115102
202012,488,32900, ,Merced  CA ,163,163,38087,0,0,0,0,0,0,0,0,0,62,62,16064,0,0,0,0,0,0,0,0,0
202012,488,33700, ,Modesto  CA ,30,30,7666,0,0,0,0,0,0,0,0,0,30,30,7666,0,0,0,0,0,0,0,0,0
202012,488,41860,C,San Francisco-Oakland-Berkeley  CA ,3397,3397,1219379,35,70,26120,33,114,30190,188,6411,1844911,2626,2626,929261,21,42,11169,24,85,22387,122,5032,1525538
202012,488,41940,C,San Jose-Sunnyvale-Santa Clara  CA ,1858,1858,683244,7,14,3794,6,19,4962,64,4057,488558,1237,1237,451710,4,8,2016,1,3,721,29,2933,286966
202012,488,42100, ,Santa Cruz-Watsonville  CA ,69,69,13651,0,0,0,0,0,0,0,0,0,69,69,13651,0,0,0,0,0,0,0,0,0
202012,488,42220, ,Santa Rosa-Petaluma  CA ,1109,1109,345316,2,4,885,0,0,0,3,184,31107,1095,1095,342355,2,4,885,0,0,0,3,184,31107
202012,488,44700, ,Stockton  CA ,2263,2263,673369,1,2,400,6,21,1428,17,317,45389,1181,1181,314064,1,2,400,0,0,0,9,216,27283
202012,488,46700, ,Vallejo  CA ,855,855,248156,0,0,0,0,0,0,11,716,98969,855,855,248156,0,0,0,0,0,0,11,716,98969
202012,496,25980, ,Hinesville  GA ,421,421,84423,0,0,0,0,0,0,0,0,0,421,421,84423,0,0,0,0,0,0,0,0,0
202012,496,42340, ,Savannah  GA ,2154,2154,530907,0,0,0,4,16,2000,27,694,44838,1584,1584,396423,0,0,0,4,16,2000,27,694,44838
202012,500,14740,C,Bremerton-Silverdale-Port Orchard  WA ,909,909,278875,12,24,3880,1,4,705,13,348,34642,909,909,278875,12,24,3880,1,4,705,13,348,34642
202012,500,34580, ,Mount Vernon-Anacortes  WA ,260,260,77757,1,2,400,2,7,979,3,45,7579,260,260,77757,1,2,400,2,7,979,3,45,7579
202012,500,36500, ,Olympia-Lacey-Tumwater  WA ,668,668,178403,17,34,6655,2,8,1569,28,379,39810,529,529,147039,17,34,6655,2,8,1569,20,333,37853
202012,500,42660,C,Seattle-Tacoma-Bellevue  WA ,8704,8704,2982126,304,608,148006,203,708,125680,423,13436,1713995,7229,7229,2446950,285,570,140059,198,692,122620,369,12394,1601661
202012,508,43340,C,Shreveport-Bossier City  LA ,1029,1029,210822,0,0,0,0,0,0,0,0,0,542,542,122764,0,0,0,0,0,0,0,0,0
202012,515,21140, ,Elkhart-Goshen  IN ,292,292,77644,0,0,0,0,0,0,0,0,0,292,292,77644,0,0,0,0,0,0,0,0,0
202012,515,35660, ,Niles  MI ,16,16,5242,0,0,0,0,0,0,0,0,0,16,16,5242,0,0,0,0,0,0,0,0,0
202012,515,43780, ,South Bend-Mishawaka  IN-MI ,283,283,88762,0,0,0,0,0,0,0,0,0,281,281,88340,0,0,0,0,0,0,0,0,0
202012,518,17660, ,Coeur dAlene  ID ,1327,1327,352267,21,42,6718,2,6,479,61,1148,111830,1029,1029,280387,16,32,4830,1,3,270,50,964,92068
202012,518,44060, ,Spokane-Spokane Valley  WA ,1851,1851,454340,80,160,27169,11,37,5180,60,1297,173378,1442,1442,348246,72,144,25261,7,24,3500,45,1119,152791
202012,522,44100, ,Springfield  IL ,74,74,23352,29,58,10416,0,0,0,3,36,2100,63,63,20599,29,58,10416,0,0,0,3,36,2100
202012,524,44300, ,State College  PA ,283,283,86941,0,0,0,0,0,0,0,0,0,281,281,86672,0,0,0,0,0,0,0,0,0
202012,532,45060, ,Syracuse  NY ,250,250,53734,5,10,845,0,0,0,2,24,1000,182,182,41852,5,10,845,0,0,0,2,24,1000
202012,534,45780, ,Toledo  OH ,707,707,196615,36,72,4632,8,32,2700,31,279,30446,687,687,194362,36,72,4632,8,32,2700,30,274,30046
202012,536,46060,C,Tucson  AZ ,4242,4242,1287775,23,46,6119,0,0,0,44,670,100521,3199,3199,1022305,2,4,1123,0,0,0,0,0,0
202012,538,46140,C,Tulsa  OK ,4039,4039,881321,21,42,4127,10,40,3875,55,803,75619,3949,3949,862004,21,42,4127,10,40,3875,43,707,68234
202012,540,46340, ,Tyler  TX ,362,362,84838,11,22,2694,17,62,8148,3,17,2038,362,362,84838,11,22,2694,17,62,8148,3,17,2038
202012,545,47260, ,Virginia Beach-Norfolk-Newport News  VA-NC ,5120,5120,1084122,9,18,4296,12,44,6291,32,1633,200222,4849,4849,1061756,9,18,4296,12,44,6291,32,1633,200222
202012,548,12580,C,Baltimore-Columbia-Towson  MD ,4998,4998,1075727,1,2,700,1,4,762,57,3076,509546,4832,4832,1040847,1,2,700,1,4,762,38,1558,233156
202012,548,15680,C,California-Lexington Park  MD ,833,833,172457,3,6,975,0,0,0,20,111,18234,75,75,26298,0,0,0,0,0,0,0,0,0
202012,548,16540,C,Chambersburg-Waynesboro  PA ,282,282,67406,15,30,2682,1,4,531,3,15,1947,249,249,59666,15,30,2682,1,4,531,0,0,0
202012,548,25180, ,Hagerstown-Martinsburg  MD-WV ,1432,1432,313271,8,16,2455,0,0,0,8,168,15000,1318,1318,293242,8,16,2455,0,0,0,8,168,15000
202012,548,47900, ,Washington-Arlington-Alexandria  DC-VA-MD-WV ,13594,13594,3265930,55,110,12990,2,7,1382,157,11043,1362178,12672,12672,3032931,49,98,11420,1,4,523,129,10371,1282725
202012,548,49020, ,Winchester  VA-WV ,780,780,184577,0,0,0,0,0,0,0,0,0,780,780,184577,0,0,0,0,0,0,0,0,0
202012,554,48140, ,Wausau-Weston  WI ,223,223,57544,2,4,1000,1,3,250,5,41,4212,157,157,40676,2,4,1000,1,3,250,5,41,4212
202012,556,48620, ,Wichita  KS ,976,976,273377,120,240,24001,7,28,4616,0,0,0,976,976,273377,120,240,24001,7,28,4616,0,0,0
202012,558,48700, ,Williamsport  PA ,7,7,2434,0,0,0,0,0,0,0,0,0,7,7,2434,0,0,0,0,0,0,0,0,0
202012,566,49660, ,Youngstown-Warren-Boardman  OH-PA ,232,232,49935,5,10,1254,1,3,381,0,0,0,147,147,35472,2,4,619,0,0,0,0,0,0
202012,999,10180, ,Abilene  TX ,373,373,77626,24,48,4504,5,20,1652,19,196,18108,373,373,77626,24,48,4504,5,20,1652,19,196,18108
202012,999,10500, ,Albany  GA ,143,143,16539,0,0,0,0,0,0,13,194,22868,126,126,12340,0,0,0,0,0,0,5,46,2053
202012,999,10780, ,Alexandria  LA ,204,204,49291,0,0,0,0,0,0,0,0,0,121,121,27431,0,0,0,0,0,0,0,0,0
202012,999,10900, ,Allentown-Bethlehem-Easton  PA-NJ ,447,447,98567,6,12,1895,0,0,0,33,191,18119,376,376,88560,3,6,285,0,0,0,6,48,6564
202012,999,11260,C,Anchorage  AK ,771,771,244242,9,18,3330,14,52,8761,15,189,28393,36,36,9065,8,16,2766,2,8,1189,0,0,0
202012,999,11500, ,Anniston-Oxford  AL ,78,78,12125,0,0,0,0,0,0,0,0,0,73,73,11725,0,0,0,0,0,0,0,0,0
202012,999,12260, ,Augusta-Richmond County  GA-SC ,3406,3406,693539,3,6,623,19,67,5457,5,38,1996,2171,2171,444762,0,0,0,19,67,5457,5,38,1996
202012,999,12420, ,Austin-Round Rock-Georgetown  TX ,21653,21653,4908342,174,348,37853,22,75,7960,389,18799,2042774,17863,17863,4072397,171,342,37266,14,49,5068,382,18743,2037601
202012,999,12540, ,Bakersfield  CA ,1791,1791,457397,17,34,4450,2,7,344,25,252,34777,333,333,51707,4,8,642,0,0,0,0,0,0
202012,999,12620, ,Bangor  ME ,127,127,31033,16,32,5055,4,15,1589,1,38,5108,64,64,15210,13,26,4131,3,12,1214,1,38,5108
202012,999,12940, ,Baton Rouge  LA ,3823,3823,822141,7,14,19014,0,0,0,0,0,0,2655,2655,579145,7,14,19014,0,0,0,0,0,0
202012,999,13140, ,Beaumont-Port Arthur  TX ,1099,1099,189977,12,24,2728,2,8,543,4,64,2000,1099,1099,189977,12,24,2728,2,8,543,4,64,2000
202012,999,13220,C,Beckley  WV ,76,76,11503,0,0,0,0,0,0,0,0,0,50,50,8975,0,0,0,0,0,0,0,0,0
202012,999,13380, ,Bellingham  WA ,655,655,173765,33,66,12164,17,59,9688,21,533,74139,524,524,141459,28,56,10293,12,44,6946,19,523,73153
202012,999,13740, ,Billings  MT ,359,359,94598,52,104,18656,16,62,7540,11,61,5820,359,359,94598,52,104,18656,16,62,7540,11,61,5820
202012,999,13780, ,Binghamton  NY ,3,3,745,0,0,0,0,0,0,0,0,0,0,0,0,0,0,0,0,0,0,0,0,0
202012,999,13900, ,Bismarck  ND ,398,398,108774,85,170,19906,7,21,2017,4,108,13800,397,397,108610,85,170,19906,7,21,2017,4,108,13800
202012,999,13980, ,Blacksburg-Christiansburg  VA ,42,42,11252,0,0,0,0,0,0,25,1191,221742,42,42,11252,0,0,0,0,0,0,25,1191,221742
202012,999,15260, ,Brunswick  GA ,400,400,125762,18,36,5415,1,3,201,3,46,24800,400,400,125762,18,36,5415,1,3,201,3,46,24800
202012,999,16220,C,Casper  WY ,148,148,34944,2,4,253,2,7,470,1,49,4881,148,148,34944,2,4,253,2,7,470,1,49,4881
202012,999,16580, ,Champaign-Urbana  IL ,91,91,25473,1,2,515,0,0,0,11,839,142674,91,91,25473,1,2,515,0,0,0,11,839,142674
202012,999,16700,C,Charleston-North Charleston  SC ,5809,5809,1610463,0,0,0,11,34,2284,93,2779,241859,1761,1761,627688,0,0,0,0,0,0,9,216,28314
202012,999,16820, ,Charlottesville  VA ,767,767,230850,9,18,3275,0,0,0,13,387,37942,0,0,0,0,0,0,0,0,0,0,0,0
202012,999,16940, ,Cheyenne  WY ,429,429,93881,0,0,0,6,24,2473,6,86,13155,429,429,93881,0,0,0,6,24,2473,6,86,13155
202012,999,17020, ,Chico  CA ,363,363,79433,1,2,314,1,4,549,18,192,21850,363,363,79433,1,2,314,1,4,549,18,192,21850
202012,999,17300,C,Clarksville  TN-KY ,3043,3043,403151,58,116,11176,43,169,12189,27,477,37535,3011,3011,400543,58,116,11176,43,169,12189,27,477,37535
202012,999,17780, ,College Station-Bryan  TX ,1392,1392,260403,15,30,4238,2,8,1044,23,673,60455,1392,1392,260403,15,30,4238,2,8,1044,23,673,60455
202012,999,17820,C,Colorado Springs  CO ,5039,5039,1870485,151,302,30888,1,4,1007,34,1587,231934,5035,5035,1870075,150,300,30655,1,4,1007,34,1587,231934
202012,999,18880,C,Crestview-Fort Walton Beach-Destin  FL ,2400,2400,951056,5,10,3354,4,16,2422,29,329,59886,2400,2400,951056,5,10,3354,4,16,2422,29,329,59886
202012,999,19060, ,Cumberland  MD-WV ,43,43,10046,0,0,0,0,0,0,1,32,1885,43,43,10046,0,0,0,0,0,0,1,32,1885
202012,999,19180, ,Danville  IL ,3,3,605,0,0,0,0,0,0,0,0,0,3,3,605,0,0,0,0,0,0,0,0,0
202012,999,19500, ,Decatur  IL ,13,13,4203,1,2,280,0,0,0,0,0,0,13,13,4203,1,2,280,0,0,0,0,0,0
202012,999,20220, ,Dubuque  IA ,72,72,22475,2,4,560,0,0,0,3,80,9125,72,72,22475,2,4,560,0,0,0,3,80,9125
202012,999,20260, ,Duluth  MN-WI ,99,99,19090,2,4,650,0,0,0,0,0,0,98,98,18851,2,4,650,0,0,0,0,0,0
202012,999,20940, ,El Centro  CA ,250,250,50211,0,0,0,1,4,300,6,86,8188,249,249,49996,0,0,0,1,4,300,6,86,8188
202012,999,21420, ,Enid  OK ,23,23,7898,0,0,0,0,0,0,0,0,0,23,23,7898,0,0,0,0,0,0,0,0,0
202012,999,21660, ,Eugene-Springfield  OR ,704,704,176395,29,58,11410,2,8,912,41,410,52297,468,468,116077,29,58,11410,2,8,912,41,410,52297
202012,999,21780, ,Evansville  IN-KY ,813,813,198455,24,48,8454,3,12,1060,8,175,13234,668,668,172202,15,30,6201,3,12,1060,8,175,13234
202012,999,21820,C,Fairbanks  AK ,8,8,2702,0,0,0,3,11,2280,0,0,0,8,8,2702,0,0,0,3,11,2280,0,0,0
202012,999,22140,C,Farmington  NM ,90,90,22644,0,0,0,0,0,0,1,8,500,90,90,22644,0,0,0,0,0,0,1,8,500
202012,999,22220, ,Fayetteville-Springdale-Rogers  AR-MO ,4621,4621,1192379,200,400,56648,19,69,10289,93,1317,169991,4461,4461,1158627,200,400,56648,19,69,10289,82,1262,166898
202012,999,22380, ,Flagstaff  AZ ,560,560,125453,0,0,0,2,6,200,6,302,70301,560,560,125453,0,0,0,2,6,200,6,302,70301
202012,999,22500, ,Florence  SC ,509,509,75143,7,14,863,10,30,2430,11,106,11761,257,257,40511,3,6,319,10,30,2430,0,0,0
202012,999,22520, ,Florence-Muscle Shoals  AL ,230,230,28087,0,0,0,0,0,0,0,0,0,63,63,8257,0,0,0,0,0,0,0,0,0
202012,999,22540, ,Fond du Lac  WI ,48,48,15345,2,4,854,0,0,0,0,0,0,48,48,15345,2,4,854,0,0,0,0,0,0
202012,999,22660,C,Fort Collins  CO ,2193,2193,610499,5,10,1748,1,4,692,32,386,52691,1685,1685,472245,5,10,1748,1,4,692,29,369,51184
202012,999,22900, ,Fort Smith  AR-OK ,295,295,56734,49,98,12366,13,40,3677,15,118,14019,230,230,48298,44,88,11501,1,4,240,15,118,14019
202012,999,23460, ,Gadsden  AL ,44,44,8361,0,0,0,0,0,0,0,0,0,0,0,0,0,0,0,0,0,0,0,0,0
202012,999,24220, ,Grand Forks  ND-MN ,132,132,34346,0,0,0,0,0,0,6,277,25840,132,132,34346,0,0,0,0,0,0,6,277,25840
202012,999,24260, ,Grand Island  NE ,75,75,14997,32,64,10010,1,3,321,6,55,5372,75,75,14997,32,64,10010,1,3,321,6,55,5372
202012,999,24300,C,Grand Junction  CO ,778,778,125524,9,18,2184,0,0,0,8,208,16516,778,778,125524,9,18,2184,0,0,0,8,208,16516
202012,999,24500,C,Great Falls  MT ,135,135,35091,2,4,921,0,0,0,1,12,925,135,135,35091,2,4,921,0,0,0,1,12,925
202012,999,25060, ,Gulfport-Biloxi  MS ,2512,2512,480648,11,22,1906,13,44,4414,23,351,29014,1536,1536,322863,8,16,1350,1,4,400,11,264,21648
202012,999,25860, ,Hickory-Lenoir-Morganton  NC ,11,11,1655,1,2,360,0,0,0,15,77,4290,0,0,0,0,0,0,0,0,0,0,0,0
202012,999,25940, ,Hilton Head Island-Bluffton  SC ,1037,1037,332929,1,2,438,0,0,0,0,0,0,678,678,162815,1,2,438,0,0,0,0,0,0
202012,999,26140, ,Homosassa Springs  FL ,851,851,174601,7,14,382,0,0,0,7,35,3026,0,0,0,0,0,0,0,0,0,0,0,0
202012,999,26380, ,Houma-Thibodaux  LA ,476,476,106228,10,20,1512,2,6,524,0,0,0,322,322,64784,1,2,112,0,0,0,0,0,0
202012,999,27100, ,Jackson  MI ,15,15,3566,0,0,0,0,0,0,0,0,0,6,6,1426,0,0,0,0,0,0,0,0,0
202012,999,27340,C,Jacksonville  NC ,1351,1351,209580,0,0,0,1,4,320,5,80,5140,1351,1351,209580,0,0,0,1,4,320,5,80,5140
202012,999,27980,C,Kahului-Wailuku-Lahaina  HI ,306,306,135322,8,16,3191,8,32,8000,2,172,58466,306,306,135322,8,16,3191,8,32,8000,2,172,58466
202012,999,28660,C,Killeen-Temple  TX ,2893,2893,504102,258,516,45747,19,76,6657,8,152,14043,2772,2772,478062,239,478,42025,17,68,5618,8,152,14043
202012,999,29100, ,La Crosse-Onalaska  WI-MN ,185,185,53108,19,38,7419,3,12,1650,3,78,7750,185,185,53108,19,38,7419,3,12,1650,3,78,7750
202012,999,29420, ,Lake Havasu City-Kingman  AZ ,1279,1279,270064,40,80,8071,11,35,2423,0,0,0,1279,1279,270064,40,80,8071,11,35,2423,0,0,0
202012,999,29540, ,Lancaster  PA ,78,78,17138,4,8,751,0,0,0,0,0,0,78,78,17138,4,8,751,0,0,0,0,0,0
202012,999,29620, ,Lansing-East Lansing  MI ,123,123,34089,0,0,0,0,0,0,12,151,15014,82,82,27125,0,0,0,0,0,0,5,116,11035
202012,999,29700, ,Laredo  TX ,1387,1387,257271,50,100,9222,6,23,2348,20,143,11268,0,0,0,0,0,0,0,0,0,0,0,0
202012,999,30020, ,Lawton  OK ,56,56,14783,2,4,220,0,0,0,0,0,0,56,56,14783,2,4,220,0,0,0,0,0,0
202012,999,30300, ,Lewiston  ID-WA ,1,1,160,0,0,0,0,0,0,2,72,5721,1,1,160,0,0,0,0,0,0,2,72,5721
202012,999,30860, ,Logan  UT-ID ,283,283,65871,3,6,1383,10,31,5254,25,536,47802,283,283,65871,3,6,1383,10,31,5254,25,536,47802
202012,999,30980, ,Longview  TX ,211,211,70585,7,14,1480,0,0,0,0,0,0,211,211,70585,7,14,1480,0,0,0,0,0,0
202012,999,31340, ,Lynchburg  VA ,249,249,40436,4,8,741,2,8,1800,17,309,13870,225,225,35972,2,4,173,0,0,0,15,201,11070
202012,999,31740, ,Manhattan  KS ,199,199,59599,20,40,5396,1,3,689,3,122,21534,183,183,55457,20,40,5396,1,3,689,3,122,21534
202012,999,33540,C,Missoula  MT ,420,420,94774,7,14,1407,1,3,175,14,351,18171,420,420,94774,7,14,1407,1,3,175,14,351,18171
202012,999,36100, ,Ocala  FL ,3769,3769,759675,4,8,1055,3,10,1186,3,27,3461,3769,3769,759675,4,8,1055,3,10,1186,3,27,3461
202012,999,36980, ,Owensboro  KY ,310,310,30581,6,12,1173,7,26,1692,0,0,0,302,302,28972,5,10,1000,7,26,1692,0,0,0
202012,999,37340, ,Palm Bay-Melbourne-Titusville  FL ,2892,2892,944552,12,24,4441,9,32,3753,46,1077,170263,2892,2892,944552,12,24,4441,9,32,3753,46,1077,170263
202012,999,37460, ,Panama City  FL ,937,937,269879,16,32,6813,1,4,731,27,336,6137,799,799,228029,4,8,1758,1,4,731,27,336,6137
202012,999,37900, ,Peoria  IL ,43,43,13658,0,0,0,0,0,0,0,0,0,6,6,1601,0,0,0,0,0,0,0,0,0
202012,999,38340, ,Pittsfield  MA ,5,5,1541,0,0,0,0,0,0,0,0,0,0,0,0,0,0,0,0,0,0,0,0,0
202012,999,38540, ,Pocatello  ID ,281,281,50902,14,28,1717,14,55,3688,16,384,18581,93,93,14126,13,26,1456,13,52,3514,16,384,18581
202012,999,39150, ,Prescott Valley-Prescott  AZ ,1371,1371,416883,63,126,16563,3,12,1393,3,22,2045,1371,1371,416883,63,126,16563,3,12,1393,3,22,2045
202012,999,40060, ,Richmond  VA ,5310,5310,1055273,177,354,15657,65,247,28721,66,2128,188732,5253,5253,1048560,177,354,15657,65,247,28721,58,2088,185285
202012,999,41100, ,St. George  UT ,2256,2256,433869,1,2,450,0,0,0,15,288,38398,2250,2250,433537,1,2,450,0,0,0,15,288,38398
202012,999,41500, ,Salinas  CA ,214,214,50427,0,0,0,2,8,1189,20,300,28912,183,183,44641,0,0,0,2,8,1189,18,269,25015
202012,999,41660,C,San Angelo  TX ,686,686,143205,0,0,0,0,0,0,0,0,0,686,686,143205,0,0,0,0,0,0,0,0,0
202012,999,41740,C,San Diego-Chula Vista-Carlsbad  CA ,2898,2898,821309,45,90,17798,119,406,79329,193,6053,1076430,2613,2613,757886,40,80,15942,119,406,79329,179,5786,1042354
202012,999,42020, ,San Luis Obispo-Paso Robles  CA ,283,283,100351,0,0,0,1,3,277,0,0,0,283,283,100351,0,0,0,1,3,277,0,0,0
202012,999,42200, ,Santa Maria-Santa Barbara  CA ,149,149,74921,2,4,1120,0,0,0,0,0,0,149,149,74921,2,4,1120,0,0,0,0,0,0
202012,999,42540, ,Scranton--Wilkes-Barre  PA ,46,46,10158,6,12,800,0,0,0,0,0,0,38,38,8236,6,12,800,0,0,0,0,0,0
202012,999,43100, ,Sheboygan  WI ,15,15,5378,0,0,0,0,0,0,0,0,0,15,15,5378,0,0,0,0,0,0,0,0,0
202012,999,43420, ,Sierra Vista-Douglas  AZ ,319,319,53900,0,0,0,0,0,0,3,15,1448,97,97,16632,0,0,0,0,0,0,0,0,0
202012,999,43580, ,Sioux City  IA-NE-SD ,142,142,40269,0,0,0,6,18,0,0,0,0,22,22,6123,0,0,0,0,0,0,0,0,0
202012,999,43620, ,Sioux Falls  SD ,1521,1521,317111,14,28,4290,21,81,11139,78,1834,189701,1517,1517,316650,14,28,4290,21,81,11139,78,1834,189701
202012,999,44140, ,Springfield  MA ,27,27,7188,2,4,440,0,0,0,0,0,0,10,10,2679,0,0,0,0,0,0,0,0,0
202012,999,44180, ,Springfield  MO ,893,893,213764,52,104,11280,1,4,720,7,283,45465,788,788,190306,27,54,5129,1,4,720,0,0,0
202012,999,44940, ,Sumter  SC ,305,305,40080,8,16,991,3,12,993,0,0,0,305,305,40080,8,16,991,3,12,993,0,0,0
202012,999,45220, ,Tallahassee  FL ,1198,1198,225059,10,20,2216,0,0,0,41,1088,139043,409,409,69320,0,0,0,0,0,0,0,0,0
202012,999,45300,C,Tampa-St. Petersburg-Clearwater  FL ,16028,16028,4541754,36,72,9049,13,46,8535,67,3906,679309,15770,15770,4493123,32,64,7929,13,46,8535,57,3856,667602
202012,999,45460, ,Terre Haute  IN ,35,35,7473,16,32,3964,0,0,0,0,0,0,13,13,2836,8,16,2387,0,0,0,0,0,0
202012,999,45500, ,Texarkana  TX-AR ,27,27,5984,0,0,0,0,0,0,0,0,0,4,4,869,0,0,0,0,0,0,0,0,0
202012,999,45820, ,Topeka  KS ,303,303,77841,3,6,840,0,0,0,3,152,11594,299,299,77519,3,6,840,0,0,0,3,152,11594
202012,999,46220, ,Tuscaloosa  AL ,546,546,136097,3,6,1425,40,148,9786,11,459,83018,135,135,37563,0,0,0,0,0,0,0,0,0
202012,999,46300, ,Twin Falls  ID ,737,737,129868,23,46,6399,7,28,3021,13,84,6750,681,681,122771,23,46,6399,7,28,3021,13,84,6750
202012,999,46520,C,Urban Honolulu  HI ,895,895,357607,0,0,0,3,10,6496,27,916,167079,0,0,0,0,0,0,0,0,0,0,0,0
202012,999,46540, ,Utica-Rome  NY ,13,13,3488,1,2,200,0,0,0,0,0,0,13,13,3488,1,2,200,0,0,0,0,0,0
202012,999,46660, ,Valdosta  GA ,1122,1122,208760,6,12,795,0,0,0,0,0,0,497,497,103352,0,0,0,0,0,0,0,0,0
202012,999,47300, ,Visalia  CA ,1396,1396,323644,16,32,3471,22,77,13873,4,60,5985,1396,1396,323644,16,32,3471,22,77,13873,4,60,5985
202012,999,47380, ,Waco  TX ,654,654,136736,46,92,8635,0,0,0,2,90,9126,654,654,136736,46,92,8635,0,0,0,2,90,9126
202012,999,47940, ,Waterloo-Cedar Falls  IA ,114,114,32123,0,0,0,0,0,0,0,0,0,114,114,32123,0,0,0,0,0,0,0,0,0
202012,999,48060, ,Watertown-Fort Drum  NY ,123,123,15417,0,0,0,0,0,0,0,0,0,8,8,1230,0,0,0,0,0,0,0,0,0
202012,999,48300, ,Wenatchee  WA ,548,548,121790,3,6,1205,0,0,0,18,250,29983,234,234,61421,2,4,805,0,0,0,18,250,29983
202012,999,48540, ,Wheeling  WV-OH ,3,3,610,0,0,0,0,0,0,1,39,5057,3,3,610,0,0,0,0,0,0,1,39,5057
202012,999,48660, ,Wichita Falls  TX ,10,10,639,3,6,700,0,0,0,0,0,0,10,10,639,3,6,700,0,0,0,0,0,0
202012,999,48900, ,Wilmington  NC ,1417,1417,467135,9,18,3895,0,0,0,37,1505,188502,1403,1403,462620,9,18,3895,0,0,0,37,1505,188502
202012,999,49420, ,Yakima  WA ,334,334,84209,11,22,3297,10,32,3388,1,13,2109,334,334,84209,11,22,3297,10,32,3388,1,13,2109
202012,999,49740, ,Yuma  AZ ,1129,1129,187528,38,76,11864,7,28,1032,1,5,184,1129,1129,187528,38,76,11864,7,28,1032,1,5,184
