Survey,CSA,CBSA,MONCOV,CBSA,,1-unit,,,2-units,,,3-4 units,,,5+ units,,,1-unit rep,,,2-units rep,,,3-4 units rep,,,5+ units rep
Date,Code,Code,,Name,Bldgs,Units,Value,Bldgs,Units,Value,Bldgs,Units,Value,Bldgs,Units,Value,Bldgs,Units,Value,Bldgs,Units,Value,      Bldgs,Units,Value,Bldgs,Units,Value
 
202312,104,10580,C,Albany-Schenectady-Troy  NY ,978,978,352960,20,40,8857,15,58,9933,64,876,111530,772,772,280649,15,30,6127,14,55,9533,38,746,93134
202312,104,24020,C,Glens Falls  NY ,220,220,71735,1,2,346,1,4,630,1,6,850,217,217,70824,1,2,346,1,4,630,1,6,850
202312,106,10740,C,Albuquerque  NM ,2067,2067,496691,0,0,0,0,0,0,14,910,78837,1470,1470,390938,0,0,0,0,0,0,8,265,24879
202312,106,42140,C,Santa Fe  NM ,264,264,84409,0,0,0,0,0,0,34,662,110000,264,264,84409,0,0,0,0,0,0,34,662,110000
202312,107,11020,C,Altoona  PA ,57,57,18920,1,2,458,1,4,400,0,0,0,24,24,10154,1,2,458,1,4,400,0,0,0
202312,108,11100,C,Amarillo  TX ,576,576,160959,23,46,6695,1,4,572,11,55,7581,532,532,149651,23,46,6695,1,4,572,11,55,7581
202312,118,11540,C,Appleton  WI ,465,465,176923,21,42,8272,1,4,555,18,268,23253,405,405,157390,19,38,7588,1,4,555,12,228,19787
202312,118,36780,C,Oshkosh-Neenah  WI ,221,221,87698,6,12,1560,1,4,269,14,186,18841,200,200,78365,6,12,1560,1,4,269,14,186,18841
202312,120,11700,C,Asheville  NC ,2559,2559,1024626,15,30,4958,0,0,0,48,1242,182072,2052,2052,891043,9,18,2462,0,0,0,39,1141,158928
202312,122,12020,C,Athens-Clarke County  GA ,770,770,255760,17,34,5849,11,33,2892,12,183,29608,634,634,199064,17,34,5849,11,33,2892,12,183,29608
202312,122,12060,C,Atlanta-Sandy Springs-Alpharetta  GA ,23972,23972,6587113,57,114,26362,76,276,49971,460,14227,2013193,22304,22304,6188555,53,106,25000,70,252,45263,449,14085,1998609
202312,122,23580,C,Gainesville  GA ,1221,1221,270531,2,4,350,8,31,2566,10,70,6007,254,254,49757,1,2,180,1,4,458,2,11,1256
202312,122,40660,C,Rome  GA ,327,327,67703,0,0,0,0,0,0,0,0,0,327,327,67703,0,0,0,0,0,0,0,0,0
202312,140,13460,C,Bend  OR ,1192,1192,465099,61,122,27535,4,15,4057,36,1068,176682,1192,1192,465099,61,122,27535,4,15,4057,36,1068,176682
202312,142,13820,C,Birmingham-Hoover  AL ,2937,2937,970270,11,22,10866,1,4,646,20,324,51303,2225,2225,674487,11,22,10866,1,4,646,20,324,51303
202312,144,14020,C,Bloomington  IN ,326,326,107317,2,4,1135,0,0,0,5,239,55450,320,320,105747,2,4,1135,0,0,0,5,239,55450
202312,145,14010,C,Bloomington  IL ,184,184,51534,27,54,7851,0,0,0,1,6,580,90,90,27268,1,2,500,0,0,0,0,0,0
202312,146,14100,C,Bloomsburg-Berwick  PA ,98,98,26240,2,4,520,0,0,0,2,11,998,43,43,11950,2,4,520,0,0,0,0,0,0
202312,147,14260,C,Boise City  ID ,6499,6499,1757300,19,38,6432,58,230,21443,91,3115,556090,5680,5680,1450484,19,38,6432,58,230,21443,87,3093,552588
202312,148,12700,C,Barnstable Town  MA ,399,399,269371,6,12,2193,4,13,3000,4,104,31023,343,343,246616,5,10,2003,4,13,3000,4,104,31023
202312,148,14460,C,Boston-Cambridge-Newton  MA-NH ,3419,3419,1384151,168,336,82809,103,348,111395,232,6477,1613497,2178,2178,989271,139,278,70941,96,323,105242,151,5439,1453688
202312,148,31700,C,Manchester-Nashua  NH ,530,530,178776,23,46,11950,5,20,3152,13,786,146592,244,244,102367,2,4,295,5,20,3152,12,536,91379
202312,148,39300,C,Providence-Warwick  RI-MA ,1250,1250,370070,80,160,22195,21,66,10131,22,433,57720,627,627,192991,52,104,12385,18,57,8556,13,229,35980
202312,148,49340,C,Worcester  MA-CT ,962,962,318419,59,118,18444,3,11,1341,12,297,34563,551,551,186516,46,92,13458,3,11,1341,11,292,34185
202312,150,14540,C,Bowling Green  KY ,821,821,220307,3,6,1162,9,33,4228,61,588,63619,820,820,220157,3,6,1162,8,30,4003,61,588,63619
202312,154,15180,C,Brownsville-Harlingen  TX ,1485,1485,291011,99,198,16846,23,81,8373,26,194,25369,565,565,102287,31,62,6078,9,36,1796,4,26,6089
202312,160,15380,C,Buffalo-Cheektowaga  NY ,800,800,298922,29,58,9825,10,36,6710,35,398,65540,648,648,269580,26,52,8935,8,30,5885,22,242,32300
202312,162,15540,C,Burlington-South Burlington  VT ,421,421,144267,41,82,14762,5,15,4744,21,669,92091,311,311,112405,37,74,13355,5,15,4744,15,639,90460
202312,163,15980,C,Cape Coral-Fort Myers  FL ,8654,8654,1965357,152,304,42171,4,15,4821,153,4583,834410,8654,8654,1965357,152,304,42171,4,15,4821,153,4583,834410
202312,163,34940,C,Naples-Marco Island  FL ,2965,2965,1444403,12,24,7660,21,84,13956,29,560,374428,249,249,574428,1,2,200,0,0,0,4,64,270590
202312,164,16020,C,Cape Girardeau  MO-IL ,78,78,23566,0,0,0,0,0,0,0,0,0,0,0,0,0,0,0,0,0,0,0,0,0
202312,168,16300,C,Cedar Rapids  IA ,454,454,119125,20,40,7033,16,58,8300,11,201,20269,421,421,108920,16,32,5233,14,52,7920,11,201,20269
202312,168,26980,C,Iowa City  IA ,490,490,170954,30,60,13258,4,15,3297,15,687,144525,485,485,169577,28,56,12656,4,15,3297,15,687,144525
202312,170,16620,C,Charleston  WV ,188,188,27074,0,0,0,0,0,0,0,0,0,153,153,22265,0,0,0,0,0,0,0,0,0
202312,170,26580,C,Huntington-Ashland  WV-KY-OH ,236,236,51776,4,8,550,5,17,530,0,0,0,5,5,1609,1,2,150,3,9,330,0,0,0
202312,172,16740,C,Charlotte-Concord-Gastonia  NC-SC ,19088,19088,5385617,60,120,22617,7,26,6193,233,10127,1167982,16501,16501,4489750,51,102,18974,6,23,5443,216,9879,1138472
202312,174,16860,C,Chattanooga  TN-GA ,2238,2238,517500,60,120,9862,38,126,11993,28,527,52670,1698,1698,393058,10,20,2673,27,93,10079,2,10,1024
202312,174,17420,C,Cleveland  TN ,775,775,185609,0,0,0,8,28,3711,2,18,2287,575,575,149387,0,0,0,8,28,3711,2,18,2287
202312,174,19140,C,Dalton  GA ,336,336,67484,25,50,3257,11,36,5142,8,44,4140,0,0,0,0,0,0,0,0,0,0,0,0
202312,176,16980,C,Chicago-Naperville-Elgin  IL-IN-WI ,8356,8356,2903001,167,334,75360,175,592,120726,305,5539,958937,6732,6732,2353832,139,278,65822,174,589,120201,245,5212,906379
202312,176,28100,C,Kankakee  IL ,51,51,16120,0,0,0,3,9,1929,0,0,0,36,36,11578,0,0,0,0,0,0,0,0,0
202312,176,33140,C,Michigan City-La Porte  IN ,161,161,52168,1,2,220,0,0,0,6,72,9120,114,114,40226,0,0,0,0,0,0,0,0,0
202312,178,17140,C,Cincinnati  OH-KY-IN ,3735,3735,1257102,153,306,46437,53,180,26969,120,2025,240051,2883,2883,1042755,113,226,35959,40,131,21618,75,1537,202555
202312,184,10420,C,Akron  OH ,687,687,225057,2,4,803,27,103,17758,30,191,21848,668,668,220599,2,4,803,27,103,17758,18,124,20951
202312,184,15940,C,Canton-Massillon  OH ,361,361,141559,9,18,3394,17,53,6736,13,77,5914,314,314,135289,3,6,1050,10,32,5660,0,0,0
202312,184,17460,C,Cleveland-Elyria  OH ,2496,2496,812116,8,16,5686,26,95,15031,39,669,67978,1688,1688,577580,7,14,5149,24,89,14056,24,144,18371
202312,190,17860,C,Columbia  MO ,604,604,227472,3,6,1270,1,3,563,3,56,10075,596,596,226054,2,4,520,0,0,0,3,56,10075
202312,192,17900,C,Columbia  SC ,4649,4649,1176045,39,78,8200,42,151,17134,15,602,130533,1808,1808,434353,39,78,8200,42,151,17134,15,602,130533
202312,194,12220,C,Auburn-Opelika  AL ,1359,1359,390970,15,30,2912,3,9,3749,1,5,1100,1359,1359,390970,15,30,2912,3,9,3749,1,5,1100
202312,194,17980,C,Columbus  GA-AL ,587,587,156580,3,6,378,1,4,401,7,50,5150,562,562,151102,3,6,378,1,4,401,7,50,5150
202312,198,18140,C,Columbus  OH ,5329,5329,1948355,58,116,20777,56,199,35116,186,5795,643034,4322,4322,1545786,53,106,18267,55,196,34591,171,5471,597430
202312,204,18580,C,Corpus Christi  TX ,1719,1719,415826,1,2,180,0,0,0,3,69,5128,181,181,34878,1,2,180,0,0,0,0,0,0
202312,206,19100,C,Dallas-Fort Worth-Arlington  TX ,42543,42543,12429391,462,924,131055,289,1016,152113,449,22074,3050135,36671,36671,10889903,268,536,75686,85,268,48302,430,21758,3014360
202312,206,43300,C,Sherman-Denison  TX ,1168,1168,329592,11,22,3710,0,0,0,58,1259,167907,759,759,214846,8,16,2285,0,0,0,58,1259,167907
202312,209,19340,C,Davenport-Moline-Rock Island  IA-IL ,364,364,97062,10,20,3727,20,75,14070,8,157,11561,158,158,54684,3,6,1580,18,69,13570,1,6,1214
202312,212,19430,C,Dayton-Kettering  OH ,1114,1114,462727,4,8,1014,24,91,10761,27,547,74523,586,586,269719,0,0,0,15,60,4632,14,281,42493
202312,212,44220,C,Springfield  OH ,107,107,35198,0,0,0,17,68,7010,1,40,2608,107,107,35198,0,0,0,17,68,7010,1,40,2608
202312,216,14500,C,Boulder  CO ,800,800,501170,8,16,3849,13,43,10490,49,787,158133,754,754,463126,5,10,2852,10,34,8416,36,568,99383
202312,216,19740,C,Denver-Aurora-Lakewood  CO ,8972,8972,2884208,82,164,45211,32,115,22988,287,11372,2018752,8838,8838,2845143,82,164,45211,32,115,22988,285,11328,2011448
202312,216,24540,C,Greeley  CO ,2493,2493,847735,38,76,14006,28,103,22512,66,1047,159007,1054,1054,352568,1,2,305,10,37,9774,25,687,110741
202312,218,11180,C,Ames  IA ,149,149,51169,2,4,1060,25,86,19541,0,0,0,109,109,39487,2,4,1060,23,80,17837,0,0,0
202312,218,19780,C,Des Moines-West Des Moines  IA ,3698,3698,1321756,21,42,10102,21,76,19153,40,1201,190831,3645,3645,1305993,21,42,10102,17,64,15618,40,1201,190831
202312,220,11460,C,Ann Arbor  MI ,499,499,188063,14,28,4839,1,4,540,53,772,88459,380,380,152613,14,28,4839,1,4,540,53,772,88459
202312,220,19820,C,Detroit-Warren-Dearborn  MI ,4246,4246,1561032,32,64,12142,48,175,38586,106,1712,252301,3347,3347,1256852,30,60,11742,41,153,34320,101,1539,217921
202312,220,22420,C,Flint  MI ,241,241,74755,10,20,4137,14,52,11812,6,80,11237,173,173,58481,6,12,2537,14,52,11812,6,80,11237
202312,220,33780,C,Monroe  MI ,182,182,48895,5,10,1540,4,16,2300,9,45,3218,122,122,34862,5,10,1540,4,16,2300,0,0,0
202312,222,20020,C,Dothan  AL ,468,468,124177,0,0,0,3,12,1716,0,0,0,304,304,89739,0,0,0,3,12,1716,0,0,0
202312,232,20740,C,Eau Claire  WI ,334,334,128915,77,154,36779,2,8,1382,33,1012,153612,307,307,119855,68,136,33921,2,8,1382,33,1012,153612
202312,236,21300,C,Elmira  NY ,25,25,5993,0,0,0,0,0,0,10,54,6052,4,4,680,0,0,0,0,0,0,0,0,0
202312,238,21340,C,El Paso  TX ,1985,1985,472850,32,64,8291,11,34,4482,18,182,21449,243,243,66395,0,0,0,0,0,0,0,0,0
202312,238,29740,C,Las Cruces  NM ,849,849,241284,6,12,2317,3,12,1049,0,0,0,549,549,158063,6,12,2317,3,12,1049,0,0,0
202312,240,21500,C,Erie  PA ,120,120,44387,3,6,500,0,0,0,13,76,10873,75,75,31911,1,2,100,0,0,0,13,76,10873
202312,244,22020,C,Fargo  ND-MN ,902,902,277830,0,0,0,0,0,0,14,1204,185833,866,866,262358,0,0,0,0,0,0,14,1204,185833
202312,246,22180,C,Fayetteville  NC ,2543,2543,524519,2,4,521,0,0,0,0,0,0,1852,1852,427208,2,4,521,0,0,0,0,0,0
202312,258,23060,C,Fort Wayne  IN ,1693,1693,568610,23,46,5011,2,6,600,37,748,97631,74,74,25032,2,4,550,0,0,0,0,0,0
202312,260,23420,C,Fresno  CA ,2398,2398,798368,1,2,348,4,12,1200,80,811,141648,2171,2171,722301,1,2,348,4,12,1200,71,764,131234
202312,260,25260,C,Hanford-Corcoran  CA ,573,573,178183,5,10,1911,7,24,4802,12,140,15223,196,196,49839,0,0,0,0,0,0,0,0,0
202312,260,31460,C,Madera  CA ,1109,1109,342730,0,0,0,0,0,0,0,0,0,1109,1109,342730,0,0,0,0,0,0,0,0,0
202312,264,23540,C,Gainesville  FL ,1322,1322,361167,8,16,1749,0,0,0,15,929,103140,384,384,87674,0,0,0,0,0,0,0,0,0
202312,266,24340,C,Grand Rapids-Kentwood  MI ,2288,2288,764579,43,86,16594,42,161,29610,55,1181,215737,1916,1916,648911,26,52,9096,38,148,26254,13,540,96926
202312,266,34740,C,Muskegon  MI ,330,330,88383,7,14,2439,0,0,0,0,0,0,215,215,60138,2,4,1000,0,0,0,0,0,0
202312,267,24580,C,Green Bay  WI ,571,571,225239,83,166,30589,1,4,70,24,309,32924,511,511,205540,13,26,6549,0,0,0,21,291,31694
202312,268,15500,C,Burlington  NC ,1641,1641,261493,3,6,385,0,0,0,29,1083,92746,1641,1641,261493,3,6,385,0,0,0,29,1083,92746
202312,268,24660,C,Greensboro-High Point  NC ,2312,2312,607680,22,44,5996,0,0,0,37,1137,183308,1646,1646,468112,17,34,4256,0,0,0,1,42,7500
202312,268,49180,C,Winston-Salem  NC ,3521,3521,987668,5,10,2056,1,3,276,60,1494,171407,3165,3165,903780,5,10,2056,0,0,0,48,1434,169041
202312,272,24780,C,Greenville  NC ,945,945,187686,20,40,5779,0,0,0,14,384,45172,603,603,116307,20,40,5779,0,0,0,14,384,45172
202312,273,24860,C,Greenville-Anderson  SC ,6731,6731,2051619,197,394,42111,38,140,12539,27,463,88603,6355,6355,1948601,195,390,41673,38,140,12539,27,463,88603
202312,273,43900,C,Spartanburg  SC ,2824,2824,523852,1,2,485,0,0,0,3,41,4918,202,202,68618,1,2,485,0,0,0,0,0,0
202312,276,23900,C,Gettysburg  PA ,338,338,84253,0,0,0,0,0,0,0,0,0,338,338,84253,0,0,0,0,0,0,0,0,0
202312,276,25420,C,Harrisburg-Carlisle  PA ,1282,1282,328048,9,18,1711,11,41,7345,43,542,68023,881,881,239160,9,18,1711,11,41,7345,20,316,40427
202312,276,30140,C,Lebanon  PA ,202,202,28271,1,2,341,0,0,0,4,49,7682,22,22,5528,0,0,0,0,0,0,1,34,5413
202312,276,49620,C,York-Hanover  PA ,941,941,243367,4,8,1103,6,24,5060,20,170,22449,494,494,125985,1,2,474,6,24,5060,17,146,20673
202312,277,25500,C,Harrisonburg  VA ,500,500,117381,31,62,9618,1,4,550,5,29,3475,500,500,117381,31,62,9618,1,4,550,5,29,3475
202312,277,44420,C,Staunton  VA ,415,415,105317,3,6,604,1,3,130,7,181,27722,415,415,105317,3,6,604,1,3,130,7,181,27722
202312,278,25540,C,Hartford-East Hartford-Middletown  CT ,632,632,180647,6,12,2291,9,36,5329,70,1239,130491,459,459,137232,6,12,2291,9,36,5329,25,794,88504
202312,278,35980,C,Norwich-New London  CT ,217,217,72645,3,6,1191,0,0,0,1,123,17954,132,132,46180,3,6,1191,0,0,0,1,123,17954
202312,279,25620,C,Hattiesburg  MS ,115,115,24383,0,0,0,6,18,818,0,0,0,0,0,0,0,0,0,0,0,0,0,0,0
202312,284,26300,C,Hot Springs  AR ,70,70,25530,3,6,720,0,0,0,0,0,0,70,70,25530,3,6,720,0,0,0,0,0,0
202312,288,26420,C,Houston-The Woodlands-Sugar Land  TX ,50014,50014,13169517,849,1698,268463,18,66,7069,529,16558,2310690,46624,46624,12258267,829,1658,263288,18,66,7069,509,16436,2304318
202312,290,19460,C,Decatur  AL ,305,305,76357,0,0,0,0,0,0,0,0,0,294,294,74730,0,0,0,0,0,0,0,0,0
202312,290,26620,C,Huntsville  AL ,3911,3911,814524,45,90,14325,1,4,510,40,1938,304302,2355,2355,436460,45,90,14325,1,4,510,40,1938,304302
202312,292,26820,C,Idaho Falls  ID ,863,863,310250,2,4,461,13,52,6654,20,855,120063,836,836,301182,2,4,461,13,52,6654,20,855,120063
202312,294,18020,C,Columbus  IN ,156,156,60116,0,0,0,0,0,0,0,0,0,156,156,60116,0,0,0,0,0,0,0,0,0
202312,294,26900,C,Indianapolis-Carmel-Anderson  IN ,7278,7278,2766253,105,210,43870,42,140,28435,160,4960,987916,6386,6386,2518361,101,202,42607,42,140,28435,159,4858,975091
202312,294,34620,C,Muncie  IN ,89,89,33128,0,0,0,0,0,0,1,5,596,81,81,30634,0,0,0,0,0,0,0,0,0
202312,296,27060,C,Ithaca  NY ,134,134,37831,4,8,1264,0,0,0,10,79,10279,40,40,9178,2,4,650,0,0,0,0,0,0
202312,297,27180,C,Jackson  TN ,404,404,97754,2,4,368,0,0,0,0,0,0,81,81,23041,2,4,368,0,0,0,0,0,0
202312,298,27140,C,Jackson  MS ,1159,1159,302232,2,4,494,1,3,131,7,54,6913,919,919,240033,0,0,0,0,0,0,7,54,6913
202312,300,27260,C,Jacksonville  FL ,12402,12402,3331465,151,302,41054,34,135,8281,190,7414,1086199,11174,11174,2838438,136,272,35119,34,135,8281,182,7122,1032258
202312,304,27740,C,Johnson City  TN ,754,754,220784,26,52,6195,4,13,1774,11,214,34714,570,570,192706,26,52,6195,4,13,1774,11,214,34714
202312,304,28700,C,Kingsport-Bristol  TN-VA ,745,745,196288,1,2,450,2,6,692,10,50,3339,552,552,172309,1,2,450,0,0,0,0,0,0
202312,306,27780,C,Johnstown  PA ,72,72,17750,0,0,0,0,0,0,0,0,0,1,1,409,0,0,0,0,0,0,0,0,0
202312,308,27860,C,Jonesboro  AR ,608,608,93965,55,110,7859,60,202,10434,16,103,5705,85,85,15313,6,12,1081,3,10,500,1,6,200
202312,309,27900,C,Joplin  MO ,518,518,97740,46,92,11673,8,32,1573,15,127,12539,380,380,74955,45,90,11362,8,32,1573,4,72,9815
202312,310,12980,C,Battle Creek  MI ,78,78,14410,0,0,0,0,0,0,0,0,0,8,8,2328,0,0,0,0,0,0,0,0,0
202312,310,28020,C,Kalamazoo-Portage  MI ,400,400,114679,1,2,501,2,7,1840,6,300,34590,387,387,108189,1,2,501,2,7,1840,6,300,34590
202312,312,28140,C,Kansas City  MO-KS ,4266,4266,1499056,135,270,53830,54,204,44441,60,2733,469898,3896,3896,1380283,129,258,51860,54,204,44441,60,2733,469898
202312,312,29940,C,Lawrence  KS ,191,191,60908,8,16,2805,1,4,320,1,12,1500,184,184,59025,6,12,2412,1,4,320,1,12,1500
202312,312,41140,C,St. Joseph  MO-KS ,82,82,20656,1,2,200,0,0,0,2,12,1100,35,35,10293,0,0,0,0,0,0,2,12,1100
202312,313,28420,C,Kennewick-Richland  WA ,1090,1090,375752,8,16,4234,28,108,13732,29,845,123540,727,727,266412,6,12,3642,25,99,12176,10,308,39638
202312,313,47460,C,Walla Walla  WA ,184,184,54035,13,26,5018,0,0,0,2,32,4657,166,166,50717,8,16,2552,0,0,0,0,0,0
202312,315,28940,C,Knoxville  TN ,4204,4204,1199988,46,92,17342,38,132,23731,66,1952,379938,3526,3526,1037152,1,2,405,2,7,1001,34,1049,231579
202312,315,34100,C,Morristown  TN ,686,686,195515,6,12,760,28,103,9810,1,32,5250,511,511,165513,5,10,640,26,97,9450,1,32,5250
202312,316,29020,C,Kokomo  IN ,120,120,35399,12,24,6206,0,0,0,0,0,0,96,96,28022,12,24,6206,0,0,0,0,0,0
202312,318,29180,C,Lafayette  LA ,2011,2011,458067,0,0,0,0,0,0,28,378,43162,1463,1463,354724,0,0,0,0,0,0,28,378,43162
202312,320,29200,C,Lafayette-West Lafayette  IN ,506,506,185738,1,2,210,0,0,0,31,1597,240600,127,127,58894,0,0,0,0,0,0,5,880,153712
202312,324,29340,C,Lake Charles  LA ,560,560,120167,12,24,2133,0,0,0,11,432,85795,533,533,115082,11,22,1983,0,0,0,11,432,85795
202312,332,29820,C,Las Vegas-Henderson-Paradise  NV ,10087,10087,2988131,20,40,6544,57,210,32928,94,2736,459038,10069,10069,2971855,20,40,6544,57,210,32928,94,2736,459038
202312,336,30460,C,Lexington-Fayette  KY ,1307,1307,357228,10,20,3354,13,42,7829,35,996,95683,592,592,193109,6,12,2266,2,7,2700,10,160,13150
202312,338,30620,C,Lima  OH ,79,79,22734,3,6,720,2,6,400,0,0,0,27,27,8123,3,6,720,0,0,0,0,0,0
202312,339,30700,C,Lincoln  NE ,852,852,287452,3,6,1314,6,23,2816,45,1259,198834,809,809,273330,3,6,1314,6,23,2816,45,1259,198834
202312,340,30780,C,Little Rock-North Little Rock-Conway  AR ,1915,1915,485036,51,102,9913,14,53,5948,38,585,61360,1865,1865,477198,47,94,9217,14,53,5948,38,585,61360
202312,340,38220,C,Pine Bluff  AR ,43,43,7983,3,6,560,0,0,0,4,48,9865,30,30,5640,3,6,560,0,0,0,4,48,9865
202312,348,31080,C,Los Angeles-Long Beach-Anaheim  CA ,11810,11810,3384818,743,1486,354537,174,586,216029,511,16809,3142766,9706,9706,2830949,695,1390,329627,156,526,206020,374,13893,2592158
202312,348,37100,C,Oxnard-Thousand Oaks-Ventura  CA ,326,326,116517,0,0,0,28,91,20843,30,672,105943,107,107,35594,0,0,0,20,67,17183,19,521,89799
202312,348,40140,C,Riverside-San Bernardino-Ontario  CA ,11924,11924,3419752,98,196,25768,72,261,51228,609,7329,965782,6846,6846,1950057,40,80,17856,57,212,42376,527,5850,744199
202312,350,21060,C,Elizabethtown-Fort Knox  KY ,536,536,125202,61,122,14999,52,203,25342,38,995,110520,484,484,110868,56,112,13563,52,203,25342,38,995,110520
202312,350,31140,C,Louisville-Jefferson County  KY-IN ,2930,2930,909611,49,98,16694,13,47,6666,136,3735,526882,2802,2802,874740,49,98,16694,13,47,6666,126,3667,515839
202312,352,31180,C,Lubbock  TX ,1952,1952,469053,13,26,2811,0,0,0,49,536,58356,1928,1928,463178,11,22,2223,0,0,0,49,536,58356
202312,356,31420,C,Macon-Bibb County  GA ,547,547,141140,0,0,0,0,0,0,4,20,3433,137,137,35344,0,0,0,0,0,0,4,20,3433
202312,356,47580,C,Warner Robins  GA ,1167,1167,314524,1,2,117,0,0,0,20,676,79374,876,876,253202,1,2,117,0,0,0,20,676,79374
202312,357,27500,C,Janesville-Beloit  WI ,233,233,68225,28,56,12195,0,0,0,4,32,8000,138,138,40408,28,56,12195,0,0,0,4,32,8000
202312,357,31540,C,Madison  WI ,1476,1476,661160,102,204,55694,24,95,33562,66,3480,523020,1398,1398,631426,96,192,53944,24,95,33562,66,3480,523020
202312,359,31860,C,Mankato  MN ,166,166,52514,1,2,200,0,0,0,16,420,59883,114,114,31058,1,2,200,0,0,0,12,345,49578
202312,360,31900,C,Mansfield  OH ,110,110,37108,5,10,1448,4,12,1143,0,0,0,81,81,27157,2,4,715,0,0,0,0,0,0
202312,365,32580,C,McAllen-Edinburg-Mission  TX ,4037,4037,967270,235,470,31571,375,1491,143209,96,627,62028,3574,3574,858650,225,450,29830,318,1265,112968,96,627,62028
202312,366,24420,C,Grants Pass  OR ,172,172,43996,5,10,2469,3,11,1977,2,16,3150,66,66,22170,5,10,2469,3,11,1977,2,16,3150
202312,366,32780,C,Medford  OR ,653,653,209082,7,14,2400,14,49,8035,59,668,105879,593,593,197629,7,14,2400,10,37,7267,50,623,100795
202312,368,32820,C,Memphis  TN-MS-AR ,3108,3108,839979,2,4,1159,3,12,3427,23,980,145856,2178,2178,601628,2,4,1159,3,12,3427,23,980,145856
202312,370,33100,C,Miami-Fort Lauderdale-Pompano Beach  FL ,5382,5382,2443608,205,410,100458,45,174,35475,419,15363,3473955,4378,4378,1799034,202,404,98845,43,168,34078,315,12811,3087960
202312,370,38940,C,Port St. Lucie  FL ,5405,5405,1585074,110,220,31568,2,6,361,58,506,105526,5385,5385,1529452,109,218,30627,0,0,0,57,471,101609
202312,370,42680,C,Sebastian-Vero Beach  FL ,768,768,371275,19,38,7070,4,12,808,4,191,27329,165,165,41253,6,12,2156,0,0,0,0,0,0
202312,372,33260,C,Midland  TX ,810,810,204721,0,0,0,2,8,550,0,0,0,810,810,204721,0,0,0,2,8,550,0,0,0
202312,372,36220,C,Odessa  TX ,824,824,207867,0,0,0,0,0,0,1,5,599,824,824,207867,0,0,0,0,0,0,1,5,599
202312,376,33340,C,Milwaukee-Waukesha  WI ,1369,1369,640087,117,234,59514,4,16,3129,49,898,156553,1133,1133,534655,97,194,48082,4,16,3129,40,848,145243
202312,376,39540,C,Racine  WI ,142,142,63328,3,6,1025,0,0,0,5,60,33500,124,124,57763,0,0,0,0,0,0,5,60,33500
202312,378,33460,C,Minneapolis-St. Paul-Bloomington  MN-WI ,7867,7867,2848978,92,184,38089,50,184,42964,254,9708,1878476,7303,7303,2634862,67,134,29069,44,164,38062,169,8492,1651739
202312,378,41060,C,St. Cloud  MN ,410,410,121064,3,6,770,1,4,800,7,147,14675,334,334,96536,3,6,770,1,4,800,6,142,14250
202312,380,19300,C,Daphne-Fairhope-Foley  AL ,3321,3321,1025193,8,16,2438,4,16,3482,61,1015,138604,3126,3126,998383,8,16,2438,4,16,3482,61,1015,138604
202312,380,33660,C,Mobile  AL ,839,839,223009,1,2,123,2,8,900,2,56,13611,822,822,219154,1,2,123,2,8,900,2,56,13611
202312,384,33740,C,Monroe  LA ,287,287,74887,21,42,4033,1,3,399,5,78,4400,37,37,8577,10,20,965,0,0,0,5,78,4400
202312,388,33860,C,Montgomery  AL ,733,733,200154,0,0,0,0,0,0,3,104,16920,726,726,198800,0,0,0,0,0,0,3,104,16920
202312,390,34060,C,Morgantown  WV ,16,16,4016,0,0,0,0,0,0,0,0,0,6,6,2311,0,0,0,0,0,0,0,0,0
202312,396,34820,C,Myrtle Beach-Conway-North Myrtle Beach  SC-NC ,11316,11316,2555012,39,78,7219,23,81,19769,80,1597,193374,10728,10728,2383529,38,76,6269,21,75,18415,64,1508,186088
202312,400,34980,C,Nashville-Davidson--Murfreesboro--Franklin  TN ,14169,14169,4580165,32,64,11359,19,73,9653,251,9597,1391652,11770,11770,3900156,29,58,10249,18,69,9030,241,9501,1377342
202312,404,35100,C,New Bern  NC ,617,617,147273,1,2,100,0,0,0,0,0,0,360,360,92829,1,2,100,0,0,0,0,0,0
202312,406,25220,C,Hammond  LA ,726,726,128856,2,4,250,0,0,0,13,483,45981,642,642,113760,0,0,0,0,0,0,0,0,0
202312,406,35380,C,New Orleans-Metairie  LA ,1927,1927,598239,246,492,65169,3,9,1000,21,673,158859,993,993,324101,26,52,6217,1,3,260,8,284,42296
202312,408,14860,C,Bridgeport-Stamford-Norwalk  CT ,446,446,405363,22,44,6535,3,11,2492,25,1005,163986,335,335,223366,20,40,5545,3,11,2492,23,956,144416
202312,408,20700,C,East Stroudsburg  PA ,239,239,84131,0,0,0,0,0,0,0,0,0,154,154,58310,0,0,0,0,0,0,0,0,0
202312,408,28740,C,Kingston  NY ,251,251,88924,2,4,605,1,4,562,5,88,8902,148,148,58851,2,4,605,0,0,0,5,88,8902
202312,408,35300,C,New Haven-Milford  CT ,387,387,115130,25,50,9591,19,68,8452,45,1147,102144,237,237,82491,20,40,8691,13,50,6269,30,1046,95365
202312,408,35620,C,New York-Newark-Jersey City  NY-NJ-PA ,11715,11715,3631268,666,1332,172386,190,627,79505,1049,26267,3406348,7733,7733,2401588,413,826,99793,102,344,44018,455,15577,2132323
202312,408,39100,C,Poughkeepsie-Newburgh-Middletown  NY ,779,779,306051,1,2,346,10,35,10588,69,917,168746,348,348,114614,0,0,0,3,11,2553,17,293,71424
202312,408,45940,C,Trenton-Princeton  NJ ,417,417,86609,1,2,334,0,0,0,36,559,39903,245,245,66721,0,0,0,0,0,0,11,380,31977
202312,412,35840,C,North Port-Sarasota-Bradenton  FL ,10454,10454,3299027,60,120,21342,19,75,28180,161,5270,960314,10454,10454,3299027,60,120,21342,19,75,28180,161,5270,960314
202312,412,39460,C,Punta Gorda  FL ,3828,3828,1162702,140,280,48501,29,111,30198,17,210,45466,3735,3735,1110708,132,264,44996,29,111,30198,12,174,37368
202312,416,36420,C,Oklahoma City  OK ,5449,5449,1604243,292,584,77741,29,103,13480,26,322,28077,1776,1776,641326,125,250,39702,0,0,0,7,104,12520
202312,420,36540,C,Omaha-Council Bluffs  NE-IA ,2768,2768,606521,12,24,3664,10,37,7048,83,1876,130530,2237,2237,472542,10,20,3314,9,34,6298,82,1871,129901
202312,422,19660,C,Deltona-Daytona Beach-Ormond Beach  FL ,5358,5358,1858368,148,296,50109,25,97,11873,29,1346,162094,4718,4718,1654317,147,294,49594,25,97,11873,28,1341,160909
202312,422,29460,C,Lakeland-Winter Haven  FL ,9209,9209,2544848,62,124,13123,3,11,1622,146,3169,435120,8408,8408,2348787,48,96,11215,3,11,1622,135,2845,405297
202312,422,36740,C,Orlando-Kissimmee-Sanford  FL ,17035,17035,5172252,46,92,14832,15,54,13002,194,8593,1135662,14754,14754,4489291,45,90,14437,15,54,13002,152,7121,935650
202312,422,45540,C,The Villages  FL ,3339,3339,814317,0,0,0,0,0,0,0,0,0,3329,3329,812417,0,0,0,0,0,0,0,0,0
202312,425,37620,C,Parkersburg-Vienna  WV ,96,96,20987,0,0,0,0,0,0,0,0,0,84,84,19163,0,0,0,0,0,0,0,0,0
202312,426,37860,C,Pensacola-Ferry Pass-Brent  FL ,2798,2798,783561,6,12,1563,3,9,1052,1,5,150,2798,2798,783561,6,12,1563,3,9,1052,1,5,150
202312,428,12100,C,Atlantic City-Hammonton  NJ ,329,329,107688,16,32,7249,0,0,0,7,45,5064,196,196,82017,9,18,3575,0,0,0,0,0,0
202312,428,20100,C,Dover  DE ,879,879,143161,14,28,4464,0,0,0,10,198,17345,878,878,142811,14,28,4464,0,0,0,10,198,17345
202312,428,36140,C,Ocean City  NJ ,550,550,226913,80,160,32182,22,75,8582,4,20,1602,522,522,217436,79,158,31997,20,69,7564,4,20,1602
202312,428,37980,C,Philadelphia-Camden-Wilmington  PA-NJ-DE-MD ,7453,7453,1705484,124,248,40940,126,427,51842,275,5348,673531,3595,3595,869621,104,208,34840,104,354,43506,180,4565,574960
202312,428,39740,C,Reading  PA ,271,271,74008,6,12,1089,0,0,0,6,110,9287,135,135,35320,6,12,1089,0,0,0,5,105,9224
202312,428,47220,C,Vineland-Bridgeton  NJ ,112,112,15342,0,0,0,0,0,0,0,0,0,65,65,10406,0,0,0,0,0,0,0,0,0
202312,429,38060,C,Phoenix-Mesa-Chandler  AZ ,24810,24810,7224365,873,1746,224693,40,149,38017,537,18932,2874631,21302,21302,6212960,835,1670,211688,39,145,37224,511,17445,2616034
202312,430,38300,C,Pittsburgh  PA ,3284,3284,1058034,9,18,2589,33,114,20779,49,2007,202189,1975,1975,678869,7,14,1755,19,71,14503,13,453,34467
202312,430,48260,C,Weirton-Steubenville  WV-OH ,15,15,4580,0,0,0,0,0,0,0,0,0,12,12,3781,0,0,0,0,0,0,0,0,0
202312,438,30340,C,Lewiston-Auburn  ME ,222,222,50589,8,16,3128,0,0,0,7,81,11000,113,113,23627,4,8,2046,0,0,0,7,81,11000
202312,438,38860,C,Portland-South Portland  ME ,1857,1857,657897,70,140,25988,18,58,8886,59,917,110046,786,786,325393,45,90,18350,9,31,5602,28,668,95140
202312,440,10540,C,Albany-Lebanon  OR ,240,240,71048,26,52,12079,2,7,1242,3,25,3234,231,231,69177,26,52,12079,2,7,1242,2,20,2509
202312,440,18700,C,Corvallis  OR ,128,128,45824,7,14,4503,1,4,918,12,258,39169,128,128,45824,7,14,4503,1,4,918,12,258,39169
202312,440,31020,C,Longview  WA ,289,289,95508,6,12,3283,1,4,546,0,0,0,261,261,88235,6,12,3283,0,0,0,0,0,0
202312,440,38900,C,Portland-Vancouver-Hillsboro  OR-WA ,6318,6318,2481634,61,122,21955,36,130,26364,170,4724,726488,4569,4569,1608269,61,122,21955,31,111,23384,144,4159,645936
202312,440,41420,C,Salem  OR ,832,832,255049,37,74,18430,4,15,3086,84,1066,159375,716,716,222124,17,34,7916,2,8,1360,77,991,147798
202312,444,39380,C,Pueblo  CO ,297,297,51575,0,0,0,0,0,0,0,0,0,297,297,51575,0,0,0,0,0,0,0,0,0
202312,450,20500,C,Durham-Chapel Hill  NC ,3153,3153,1084706,44,88,12969,2,6,984,84,3996,687975,435,435,127613,2,4,536,0,0,0,0,0,0
202312,450,39580,C,Raleigh-Cary  NC ,12147,12147,3252468,41,82,19705,1,3,429,169,8387,1204354,11949,11949,3194627,41,82,19705,1,3,429,169,8387,1204354
202312,452,39660,C,Rapid City  SD ,507,507,164661,13,26,3396,15,60,9140,37,959,123753,501,501,163403,13,26,3396,15,60,9140,37,959,123753
202312,454,39820,C,Redding  CA ,209,209,69724,0,0,0,0,0,0,0,0,0,102,102,39598,0,0,0,0,0,0,0,0,0
202312,456,16180,C,Carson City  NV ,153,153,40389,0,0,0,3,9,1146,13,80,7988,0,0,0,0,0,0,0,0,0,0,0,0
202312,456,39900,C,Reno  NV ,1992,1992,550671,55,110,15358,21,73,10486,117,2096,265619,425,425,107458,32,64,10543,6,24,4023,1,15,1181
202312,462,40340,C,Rochester  MN ,519,519,168062,2,4,635,2,7,1705,7,559,87327,344,344,118617,2,4,635,2,7,1705,7,559,87327
202312,464,40380,C,Rochester  NY ,899,899,298717,27,54,10385,44,155,12859,51,452,54389,498,498,195734,23,46,8940,33,120,7400,32,311,37855
202312,466,40420,C,Rockford  IL ,175,175,49061,6,12,3540,3,9,1386,0,0,0,172,172,48686,6,12,3540,3,9,1386,0,0,0
202312,468,40580,C,Rocky Mount  NC ,584,584,123782,0,0,0,0,0,0,3,30,3266,147,147,29602,0,0,0,0,0,0,3,30,3266
202312,472,40900,C,Sacramento-Roseville-Folsom  CA ,7941,7941,2623075,77,154,22386,4,13,3212,156,3809,672749,7778,7778,2574058,77,154,22386,4,13,3212,156,3809,672749
202312,472,49700,C,Yuba City  CA ,586,586,189161,10,20,1700,0,0,0,3,18,2080,541,541,169683,10,20,1700,0,0,0,0,0,0
202312,474,13020,C,Bay City  MI ,42,42,11402,0,0,0,0,0,0,0,0,0,4,4,1598,0,0,0,0,0,0,0,0,0
202312,474,33220,C,Midland  MI ,83,83,23261,2,4,542,0,0,0,3,50,8853,47,47,12211,2,4,542,0,0,0,3,50,8853
202312,474,40980,C,Saginaw  MI ,131,131,29685,15,30,5509,3,12,1908,0,0,0,76,76,14922,15,30,5509,3,12,1908,0,0,0
202312,476,41180,C,St. Louis  MO-IL ,4508,4508,1659460,30,60,12841,40,151,26043,108,2581,348630,3781,3781,1389779,21,42,10051,31,118,22250,62,1478,199018
202312,480,41540,C,Salisbury  MD-DE ,4180,4180,682499,46,92,15054,5,20,2128,42,607,74885,4158,4158,679559,45,90,14914,5,20,2128,42,607,74885
202312,482,36260,C,Ogden-Clearfield  UT ,1815,1815,593645,1,2,300,41,148,28533,95,1358,214387,1276,1276,432828,1,2,300,24,90,17937,67,876,143531
202312,482,39340,C,Provo-Orem  UT ,4655,4655,1488807,20,40,9877,36,134,27108,78,1346,278638,4575,4575,1430906,18,36,8847,36,134,27108,78,1346,278638
202312,482,41620,C,Salt Lake City  UT ,3127,3127,1052632,48,96,16093,80,294,62651,176,5682,1050062,2634,2634,901977,23,46,10157,64,243,51713,96,2365,551386
202312,484,41700,C,San Antonio-New Braunfels  TX ,8756,8756,2370810,238,476,65916,11,39,9884,260,7248,953156,7530,7530,2087997,233,466,64643,11,39,9884,249,7062,930174
202312,488,32900,C,Merced  CA ,401,401,120433,0,0,0,1,3,620,0,0,0,241,241,71130,0,0,0,0,0,0,0,0,0
202312,488,33700,C,Modesto  CA ,711,711,146843,2,4,477,2,6,664,7,84,9063,652,652,140732,2,4,477,2,6,664,7,84,9063
202312,488,34900,C,Napa  CA ,285,285,128155,0,0,0,1,3,867,3,50,11000,277,277,124319,0,0,0,0,0,0,3,50,11000
202312,488,41860,C,San Francisco-Oakland-Berkeley  CA ,3037,3037,1172063,36,72,22906,26,89,26474,143,4280,1205250,2608,2608,1007347,26,52,17079,23,77,25326,108,3726,1097973
202312,488,41940,C,San Jose-Sunnyvale-Santa Clara  CA ,2200,2200,876086,8,16,5752,2,8,1091,66,4064,757474,1575,1575,616024,7,14,5481,0,0,0,43,3418,629152
202312,488,42100,C,Santa Cruz-Watsonville  CA ,248,248,41517,5,10,4412,3,10,3666,9,278,38189,159,159,25194,0,0,0,0,0,0,0,0,0
202312,488,42220,C,Santa Rosa-Petaluma  CA ,1020,1020,293802,0,0,0,4,12,4700,53,1321,291212,849,849,259221,0,0,0,4,12,4700,40,1256,280379
202312,488,44700,C,Stockton  CA ,2167,2167,837755,0,0,0,1,3,527,0,0,0,2166,2166,837332,0,0,0,1,3,527,0,0,0
202312,488,46700,C,Vallejo  CA ,940,940,214995,0,0,0,0,0,0,30,476,87034,935,935,213566,0,0,0,0,0,0,30,476,87034
202312,496,25980,C,Hinesville  GA ,707,707,180102,2,4,375,0,0,0,0,0,0,422,422,112319,2,4,375,0,0,0,0,0,0
202312,496,42340,C,Savannah  GA ,2635,2635,678768,8,16,2633,0,0,0,48,757,105933,1808,1808,438188,0,0,0,0,0,0,16,148,22006
202312,500,14740,C,Bremerton-Silverdale-Port Orchard  WA ,1006,1006,383345,1,2,503,1,4,653,58,1246,171496,1006,1006,383345,1,2,503,1,4,653,58,1246,171496
202312,500,34580,C,Mount Vernon-Anacortes  WA ,166,166,54915,5,10,4350,2,7,1379,17,304,33018,165,165,54839,4,8,4111,1,4,942,3,79,12018
202312,500,36500,C,Olympia-Lacey-Tumwater  WA ,816,816,236816,5,10,2326,6,19,4894,25,667,86839,816,816,236816,5,10,2326,6,19,4894,25,667,86839
202312,500,42660,C,Seattle-Tacoma-Bellevue  WA ,6053,6053,2400822,382,764,201898,160,550,123574,267,9887,1591275,5402,5402,2133993,380,760,201341,160,550,123574,253,9585,1542368
202312,508,43340,C,Shreveport-Bossier City  LA ,904,904,233834,4,8,897,1,3,298,1,7,1138,894,894,232294,4,8,897,1,3,298,1,7,1138
202312,515,21140,C,Elkhart-Goshen  IN ,279,279,95691,0,0,0,2,8,2300,0,0,0,275,275,94545,0,0,0,2,8,2300,0,0,0
202312,515,35660,C,Niles  MI ,288,288,133026,1,2,560,1,4,1350,1,48,8500,171,171,87390,1,2,560,1,4,1350,1,48,8500
202312,515,43780,C,South Bend-Mishawaka  IN-MI ,376,376,174922,20,40,8366,0,0,0,3,18,3687,322,322,144325,20,40,8366,0,0,0,3,18,3687
202312,518,17660,C,Coeur dAlene  ID ,1409,1409,519863,32,64,17130,7,22,8617,38,551,80717,1151,1151,449509,27,54,15210,2,7,2333,24,401,64450
202312,518,44060,C,Spokane-Spokane Valley  WA ,1689,1689,484899,108,216,53216,19,70,16187,81,1929,261087,1006,1006,303218,98,196,49736,19,70,16187,65,1585,241604
202312,522,44100,C,Springfield  IL ,164,164,58613,16,32,4929,0,0,0,1,5,556,86,86,27915,13,26,3945,0,0,0,0,0,0
202312,524,44300,C,State College  PA ,302,302,91355,0,0,0,3,12,2680,4,41,13699,250,250,75945,0,0,0,3,12,2680,4,41,13699
202312,532,45060,C,Syracuse  NY ,478,478,130265,0,0,0,1,3,380,9,45,4051,299,299,88508,0,0,0,1,3,380,0,0,0
202312,534,45780,C,Toledo  OH ,802,802,245824,54,108,11920,0,0,0,22,442,45238,779,779,239352,54,108,11920,0,0,0,22,442,45238
202312,536,46060,C,Tucson  AZ ,3688,3688,1271480,69,138,17082,3,10,876,110,1419,217449,2472,2472,915243,46,92,11614,3,10,876,57,636,99945
202312,538,46140,C,Tulsa  OK ,3495,3495,863520,46,92,12393,13,47,9549,51,1477,157727,2942,2942,709563,46,92,12393,12,44,9098,40,1380,150265
202312,540,46340,C,Tyler  TX ,468,468,128692,93,186,26168,25,90,13728,2,13,1792,367,367,101118,91,182,25647,25,90,13728,2,13,1792
202312,544,47020,C,Victoria  TX ,62,62,14979,0,0,0,7,28,2700,0,0,0,54,54,14662,0,0,0,7,28,2700,0,0,0
202312,545,47260,C,Virginia Beach-Norfolk-Newport News  VA-NC ,3393,3393,986640,11,22,3368,8,25,3950,60,2674,375621,3321,3321,975116,11,22,3368,8,25,3950,60,2674,375621
202312,548,12580,C,Baltimore-Columbia-Towson  MD ,3838,3838,875579,1,2,800,1,4,640,78,3392,445273,3582,3582,823071,0,0,0,1,4,640,59,2048,320273
202312,548,15680,C,California-Lexington Park  MD ,386,386,140913,0,0,0,0,0,0,0,0,0,386,386,140913,0,0,0,0,0,0,0,0,0
202312,548,16540,C,Chambersburg-Waynesboro  PA ,306,306,87615,12,24,4480,0,0,0,8,80,7720,258,258,75798,12,24,4480,0,0,0,6,70,6425
202312,548,25180,C,Hagerstown-Martinsburg  MD-WV ,1737,1737,370043,8,16,3870,0,0,0,0,0,0,1681,1681,357938,8,16,3870,0,0,0,0,0,0
202312,548,47900,C,Washington-Arlington-Alexandria  DC-VA-MD-WV ,10845,10845,3205808,40,80,13529,15,58,9986,220,12051,1700320,10499,10499,3134163,40,80,13529,15,58,9986,199,11779,1664006
202312,548,49020,C,Winchester  VA-WV ,1002,1002,244159,0,0,0,0,0,0,0,0,0,999,999,243463,0,0,0,0,0,0,0,0,0
202312,554,48140,C,Wausau-Weston  WI ,323,323,101096,11,22,3110,6,23,3191,5,205,26120,211,211,64479,7,14,1745,6,23,3191,5,205,26120
202312,556,48620,C,Wichita  KS ,1494,1494,506843,389,778,102267,8,26,3100,3,378,55809,708,708,247816,215,430,60849,8,26,3100,2,372,54809
202312,558,48700,C,Williamsport  PA ,67,67,18610,0,0,0,0,0,0,4,20,2453,10,10,3360,0,0,0,0,0,0,0,0,0
202312,566,49660,C,Youngstown-Warren-Boardman  OH-PA ,291,291,78923,0,0,0,2,8,2369,0,0,0,222,222,60225,0,0,0,2,8,2369,0,0,0
202312,999,10180,C,Abilene  TX ,336,336,91564,28,56,6407,0,0,0,9,64,8500,332,332,90551,28,56,6407,0,0,0,9,64,8500
202312,999,10500,C,Albany  GA ,161,161,26848,1,2,21,1,4,220,3,15,1662,132,132,18573,1,2,21,1,4,220,0,0,0
202312,999,10780,C,Alexandria  LA ,224,224,54403,9,18,1305,0,0,0,0,0,0,15,15,2853,0,0,0,0,0,0,0,0,0
202312,999,10900,C,Allentown-Bethlehem-Easton  PA-NJ ,1346,1346,325178,10,20,2888,0,0,0,30,406,36863,911,911,225683,10,20,2888,0,0,0,4,123,11853
202312,999,11260,C,Anchorage  AK ,282,282,116486,11,22,4541,2,8,1079,2,61,8474,67,67,18193,11,22,4541,2,8,1079,2,61,8474
202312,999,11500,C,Anniston-Oxford  AL ,55,55,8165,1,2,100,0,0,0,0,0,0,48,48,7487,1,2,100,0,0,0,0,0,0
202312,999,12260,C,Augusta-Richmond County  GA-SC ,3371,3371,865368,7,14,2415,10,33,4679,9,132,25413,2330,2330,652295,7,14,2415,10,33,4679,9,132,25413
202312,999,12420,C,Austin-Round Rock-Georgetown  TX ,16738,16738,4923201,192,384,44849,31,109,14945,396,21368,1885320,11326,11326,3485103,160,320,35035,27,97,12115,338,19831,1771601
202312,999,12540,C,Bakersfield  CA ,2263,2263,597757,24,48,2850,5,15,5132,17,136,19114,514,514,153550,15,30,1548,0,0,0,7,84,12558
202312,999,12620,C,Bangor  ME ,277,277,62496,9,18,2554,2,8,946,0,0,0,98,98,25819,6,12,1895,2,8,946,0,0,0
202312,999,12940,C,Baton Rouge  LA ,3001,3001,752283,2,4,274,1,3,385,11,264,26998,565,565,132234,2,4,274,0,0,0,0,0,0
202312,999,13140,C,Beaumont-Port Arthur  TX ,956,956,241304,14,28,3305,1,4,450,7,66,7614,699,699,188644,7,14,1833,1,4,450,7,66,7614
202312,999,13220,C,Beckley  WV ,94,94,21566,0,0,0,0,0,0,0,0,0,85,85,20060,0,0,0,0,0,0,0,0,0
202312,999,13380,C,Bellingham  WA ,580,580,164045,4,8,1811,7,25,5108,7,292,38759,440,440,125909,3,6,1783,5,18,3478,7,292,38759
202312,999,13740,C,Billings  MT ,349,349,119271,1,2,191,0,0,0,0,0,0,312,312,114680,1,2,191,0,0,0,0,0,0
202312,999,13780,C,Binghamton  NY ,118,118,25414,0,0,0,1,4,165,31,214,21724,8,8,2196,0,0,0,1,4,165,0,0,0
202312,999,13900,C,Bismarck  ND ,192,192,74038,37,74,17510,5,20,3840,1,5,744,167,167,65816,37,74,17510,5,20,3840,0,0,0
202312,999,13980,C,Blacksburg-Christiansburg  VA ,482,482,125581,1,2,300,2,6,2280,0,0,0,469,469,122725,1,2,300,2,6,2280,0,0,0
202312,999,15260,C,Brunswick  GA ,561,561,221190,34,68,7273,17,64,12140,3,92,11032,117,117,29885,0,0,0,0,0,0,0,0,0
202312,999,16060,C,Carbondale-Marion  IL ,66,66,17510,2,4,285,14,51,3748,1,8,600,34,34,12926,0,0,0,0,0,0,1,8,600
202312,999,16220,C,Casper  WY ,117,117,29856,0,0,0,3,12,2469,0,0,0,111,111,28946,0,0,0,3,12,2469,0,0,0
202312,999,16580,C,Champaign-Urbana  IL ,220,220,68076,2,4,709,1,3,865,9,347,53095,220,220,68076,2,4,709,1,3,865,9,347,53095
202312,999,16700,C,Charleston-North Charleston  SC ,6107,6107,2159503,41,82,7294,78,234,8415,211,2073,156740,3013,3013,1112693,41,82,7294,78,234,8415,173,978,68356
202312,999,16820,C,Charlottesville  VA ,899,899,331093,2,4,320,5,15,1188,29,397,35929,243,243,79899,1,2,200,0,0,0,3,120,3060
202312,999,16940,C,Cheyenne  WY ,162,162,39595,7,14,1955,26,100,11682,1,8,863,160,160,39112,7,14,1955,26,100,11682,1,8,863
202312,999,17020,C,Chico  CA ,691,691,135739,10,20,2754,4,16,1567,12,202,25945,465,465,92835,10,20,2754,4,16,1567,12,202,25945
202312,999,17300,C,Clarksville  TN-KY ,1378,1378,295156,46,92,11593,37,134,14635,94,1328,113175,1357,1357,291895,44,88,11160,37,134,14635,94,1328,113175
202312,999,17780,C,College Station-Bryan  TX ,1136,1136,266409,15,30,2137,0,0,0,12,277,44824,1132,1132,265489,15,30,2137,0,0,0,12,277,44824
202312,999,17820,C,Colorado Springs  CO ,2677,2677,1207118,120,240,38596,5,15,2251,69,2359,463849,2581,2581,1182327,120,240,38596,2,6,1009,69,2359,463849
202312,999,18880,C,Crestview-Fort Walton Beach-Destin  FL ,2814,2814,1357124,26,52,11337,5,20,3453,97,2710,410847,2814,2814,1357124,26,52,11337,5,20,3453,97,2710,410847
202312,999,19060,C,Cumberland  MD-WV ,59,59,16811,2,4,150,2,7,190,0,0,0,52,52,16023,2,4,150,2,7,190,0,0,0
202312,999,19180,C,Danville  IL ,3,3,638,0,0,0,0,0,0,0,0,0,0,0,0,0,0,0,0,0,0,0,0,0
202312,999,19500,C,Decatur  IL ,33,33,12583,0,0,0,0,0,0,0,0,0,27,27,10492,0,0,0,0,0,0,0,0,0
202312,999,20220,C,Dubuque  IA ,128,128,59233,6,12,2955,0,0,0,3,56,6502,125,125,58183,6,12,2955,0,0,0,3,56,6502
202312,999,20260,C,Duluth  MN-WI ,533,533,152655,13,26,5540,0,0,0,4,276,55910,413,413,118405,12,24,5190,0,0,0,4,276,55910
202312,999,20940,C,El Centro  CA ,201,201,31695,5,10,892,0,0,0,9,69,11325,58,58,10426,1,2,90,0,0,0,0,0,0
202312,999,21420,C,Enid  OK ,10,10,3589,0,0,0,0,0,0,0,0,0,8,8,3165,0,0,0,0,0,0,0,0,0
202312,999,21660,C,Eugene-Springfield  OR ,732,732,216400,17,34,6851,0,0,0,14,473,44842,352,352,111399,15,30,6306,0,0,0,14,473,44842
202312,999,21780,C,Evansville  IN-KY ,735,735,252928,36,72,10075,12,48,4232,4,47,3593,278,278,105414,5,10,1425,6,24,1600,1,24,2289
202312,999,21820,C,Fairbanks  AK ,30,30,8171,0,0,0,0,0,0,2,19,2111,30,30,8171,0,0,0,0,0,0,2,19,2111
202312,999,22140,C,Farmington  NM ,117,117,25902,0,0,0,0,0,0,0,0,0,117,117,25902,0,0,0,0,0,0,0,0,0
202312,999,22220,C,Fayetteville-Springdale-Rogers  AR-MO ,5314,5314,1467653,205,410,94468,25,86,12150,66,1055,147226,4479,4479,1275667,198,396,91213,24,83,11866,40,712,120379
202312,999,22380,C,Flagstaff  AZ ,329,329,130942,10,20,3426,28,111,16963,32,672,95006,187,187,81064,10,20,3426,28,111,16963,32,672,95006
202312,999,22500,C,Florence  SC ,710,710,130410,3,6,495,0,0,0,0,0,0,398,398,72108,1,2,150,0,0,0,0,0,0
202312,999,22520,C,Florence-Muscle Shoals  AL ,166,166,20196,5,10,850,6,20,7443,0,0,0,123,123,15428,5,10,850,6,20,7443,0,0,0
202312,999,22540,C,Fond du Lac  WI ,112,112,39118,1,2,350,0,0,0,0,0,0,38,38,12206,0,0,0,0,0,0,0,0,0
202312,999,22660,C,Fort Collins  CO ,1266,1266,469453,18,36,7548,6,23,6209,64,1356,206259,1266,1266,469453,18,36,7548,6,23,6209,64,1356,206259
202312,999,22900,C,Fort Smith  AR-OK ,393,393,91413,133,266,33731,7,22,1710,0,0,0,317,317,81816,127,254,32628,1,4,180,0,0,0
202312,999,23460,C,Gadsden  AL ,122,122,22141,0,0,0,0,0,0,0,0,0,50,50,9230,0,0,0,0,0,0,0,0,0
202312,999,24140,C,Goldsboro  NC ,538,538,121814,0,0,0,0,0,0,0,0,0,538,538,121814,0,0,0,0,0,0,0,0,0
202312,999,24220,C,Grand Forks  ND-MN ,159,159,45589,2,4,753,0,0,0,0,0,0,155,155,44413,2,4,753,0,0,0,0,0,0
202312,999,24260,C,Grand Island  NE ,148,148,34257,45,90,12478,11,35,6513,13,126,18400,112,112,27117,36,72,10078,11,35,6513,12,120,18000
202312,999,24300,C,Grand Junction  CO ,511,511,86705,4,8,672,1,4,786,24,683,93539,511,511,86705,4,8,672,1,4,786,24,683,93539
202312,999,24500,C,Great Falls  MT ,143,143,46684,4,8,3040,0,0,0,0,0,0,143,143,46684,4,8,3040,0,0,0,0,0,0
202312,999,25060,C,Gulfport-Biloxi  MS ,2929,2929,420995,7,14,1880,1,3,705,7,90,11161,1525,1525,318903,4,8,1145,1,3,705,7,90,11161
202312,999,25860,C,Hickory-Lenoir-Morganton  NC ,1908,1908,433774,32,64,8730,2,8,450,28,399,61839,1483,1483,330764,30,60,8010,2,8,450,10,287,55048
202312,999,25940,C,Hilton Head Island-Bluffton  SC ,2653,2653,1000981,0,0,0,10,38,6091,14,287,39605,1947,1947,657151,0,0,0,10,38,6091,11,264,37013
202312,999,26140,C,Homosassa Springs  FL ,1544,1544,404634,10,20,3561,4,16,2604,0,0,0,31,31,9835,1,2,200,1,4,1254,0,0,0
202312,999,26380,C,Houma-Thibodaux  LA ,589,589,131958,5,10,1020,1,3,365,1,13,900,586,586,131401,5,10,1020,1,3,365,1,13,900
202312,999,27100,C,Jackson  MI ,147,147,42589,0,0,0,0,0,0,0,0,0,58,58,18539,0,0,0,0,0,0,0,0,0
202312,999,27340,C,Jacksonville  NC ,1107,1107,262100,36,72,8028,0,0,0,10,240,19181,1107,1107,262100,36,72,8028,0,0,0,10,240,19181
202312,999,27620,C,Jefferson City  MO ,174,174,39972,5,10,1440,4,14,1150,0,0,0,148,148,35073,5,10,1440,2,8,782,0,0,0
202312,999,27980,C,Kahului-Wailuku-Lahaina  HI ,469,469,208839,2,4,1535,0,0,0,9,133,93545,469,469,208839,2,4,1535,0,0,0,9,133,93545
202312,999,28660,C,Killeen-Temple  TX ,2502,2502,576530,270,540,65894,0,0,0,26,481,72185,1486,1486,334472,208,416,52976,0,0,0,3,48,10500
202312,999,29100,C,La Crosse-Onalaska  WI-MN ,202,202,78879,36,72,16630,0,0,0,8,195,24785,179,179,71694,30,60,14530,0,0,0,8,195,24785
202312,999,29420,C,Lake Havasu City-Kingman  AZ ,2029,2029,434917,27,54,5468,8,25,1629,3,66,7933,2012,2012,432429,27,54,5468,6,19,1177,3,66,7933
202312,999,29540,C,Lancaster  PA ,713,713,204531,7,14,2330,3,10,2161,25,629,119447,530,530,164869,7,14,2330,2,7,1800,21,609,118841
202312,999,29620,C,Lansing-East Lansing  MI ,496,496,145112,15,30,3323,4,16,2901,20,410,51437,309,309,90242,6,12,1732,4,16,2901,8,209,29132
202312,999,29700,C,Laredo  TX ,1085,1085,247155,13,26,2883,18,64,9409,3,46,2990,0,0,0,0,0,0,0,0,0,0,0,0
202312,999,30020,C,Lawton  OK ,121,121,22708,16,32,3831,0,0,0,0,0,0,7,7,1340,0,0,0,0,0,0,0,0,0
202312,999,30300,C,Lewiston  ID-WA ,127,127,35395,5,10,1651,0,0,0,0,0,0,89,89,25702,5,10,1651,0,0,0,0,0,0
202312,999,30860,C,Logan  UT-ID ,683,683,267692,2,4,976,1,4,856,16,339,50222,601,601,246198,2,4,976,1,4,856,16,339,50222
202312,999,30980,C,Longview  TX ,347,347,93731,22,44,5095,11,40,5437,14,115,7212,260,260,73177,2,4,460,2,7,663,2,16,1636
202312,999,31340,C,Lynchburg  VA ,972,972,279635,6,12,2900,0,0,0,2,108,6000,972,972,279635,6,12,2900,0,0,0,2,108,6000
202312,999,31740,C,Manhattan  KS ,210,210,71851,6,12,2209,3,9,750,1,32,4257,86,86,31026,2,4,600,0,0,0,1,32,4257
202312,999,33540,C,Missoula  MT ,309,309,94096,8,16,2579,2,8,624,14,323,47950,309,309,94096,8,16,2579,2,8,624,14,323,47950
202312,999,36100,C,Ocala  FL ,5023,5023,1390696,37,74,8813,1,4,100,4,96,8800,5023,5023,1390696,37,74,8813,1,4,100,4,96,8800
202312,999,36980,C,Owensboro  KY ,194,194,18576,1,2,173,0,0,0,12,97,14540,185,185,16761,0,0,0,0,0,0,12,97,14540
202312,999,37340,C,Palm Bay-Melbourne-Titusville  FL ,4888,4888,2031700,24,48,6011,12,47,4340,54,1551,256301,4741,4741,1998703,24,48,6011,12,47,4340,54,1551,256301
202312,999,37460,C,Panama City  FL ,1801,1801,650006,11,22,4517,5,17,2797,44,477,82769,203,203,75524,3,6,1007,0,0,0,29,338,56487
202312,999,37900,C,Peoria  IL ,178,178,60881,1,2,484,0,0,0,1,22,5000,94,94,34825,1,2,484,0,0,0,1,22,5000
202312,999,38340,C,Pittsfield  MA ,84,84,44092,0,0,0,0,0,0,1,30,2377,7,7,5954,0,0,0,0,0,0,0,0,0
202312,999,38540,C,Pocatello  ID ,261,261,50494,11,22,2829,12,38,4839,4,23,2070,116,116,13589,8,16,1716,4,14,2351,0,0,0
202312,999,39150,C,Prescott Valley-Prescott  AZ ,1228,1228,403591,36,72,9852,0,0,0,10,277,62896,1159,1159,380417,36,72,9852,0,0,0,10,277,62896
202312,999,40060,C,Richmond  VA ,4593,4593,1150464,112,224,32420,2,8,829,77,5151,481783,4464,4464,1122145,112,224,32420,2,8,829,77,5151,481783
202312,999,40220,C,Roanoke  VA ,491,491,142394,6,12,1953,0,0,0,2,119,17710,340,340,86846,6,12,1953,0,0,0,1,95,16210
202312,999,41100,C,St. George  UT ,2146,2146,450514,5,10,1365,12,41,9037,33,644,96939,1712,1712,344884,1,2,132,10,34,7991,28,583,92929
202312,999,41500,C,Salinas  CA ,436,436,119724,3,6,1443,1,3,401,8,150,50608,359,359,99722,2,4,854,0,0,0,8,150,50608
202312,999,41660,C,San Angelo  TX ,252,252,70421,0,0,0,0,0,0,0,0,0,252,252,70421,0,0,0,0,0,0,0,0,0
202312,999,41740,C,San Diego-Chula Vista-Carlsbad  CA ,3048,3048,887396,104,208,39521,77,260,52709,260,7952,1357908,2928,2928,846142,104,208,39521,77,260,52709,259,7942,1350754
202312,999,42020,C,San Luis Obispo-Paso Robles  CA ,590,590,168693,3,6,1376,1,3,452,15,398,66812,370,370,123492,2,4,1167,0,0,0,7,224,41482
202312,999,42200,C,Santa Maria-Santa Barbara  CA ,353,353,96494,11,22,3409,3,9,770,3,65,5583,306,306,77734,11,22,3409,3,9,770,0,0,0
202312,999,42540,C,Scranton--Wilkes-Barre  PA ,414,414,123184,17,34,7346,7,24,4256,5,25,3954,127,127,47025,15,30,6350,3,12,2551,0,0,0
202312,999,42700,C,Sebring-Avon Park  FL ,626,626,145399,17,34,4600,0,0,0,1,52,10240,626,626,145399,17,34,4600,0,0,0,1,52,10240
202312,999,43100,C,Sheboygan  WI ,172,172,60822,8,16,3874,0,0,0,4,351,50369,45,45,21573,0,0,0,0,0,0,1,50,9380
202312,999,43420,C,Sierra Vista-Douglas  AZ ,506,506,85205,0,0,0,0,0,0,0,0,0,407,407,61823,0,0,0,0,0,0,0,0,0
202312,999,43580,C,Sioux City  IA-NE-SD ,206,206,61013,1,2,300,13,40,1377,4,104,5400,86,86,27566,0,0,0,2,7,1175,4,104,5400
202312,999,43620,C,Sioux Falls  SD ,1180,1180,291433,23,46,8142,37,132,14544,97,2090,266265,1074,1074,261633,22,44,7810,31,114,12983,96,2085,265859
202312,999,44140,C,Springfield  MA ,418,418,150274,8,16,1825,1,4,653,29,186,32827,174,174,61997,8,16,1825,1,4,653,12,74,20532
202312,999,44180,C,Springfield  MO ,1570,1570,500760,53,106,16745,19,65,8199,17,426,39800,1257,1257,401453,47,94,15013,4,16,2204,17,426,39800
202312,999,44940,C,Sumter  SC ,434,434,73935,19,38,3623,0,0,0,0,0,0,0,0,0,0,0,0,0,0,0,0,0,0
202312,999,45220,C,Tallahassee  FL ,1437,1437,275663,10,20,2216,0,0,0,38,1237,158259,627,627,109726,0,0,0,0,0,0,0,0,0
202312,999,45300,C,Tampa-St. Petersburg-Clearwater  FL ,14827,14827,4180180,90,180,26762,98,381,21563,482,10007,1584001,14180,14180,4019255,85,170,24855,98,381,21563,445,9813,1531544
202312,999,45460,C,Terre Haute  IN ,127,127,22494,7,14,1780,1,3,113,1,5,471,75,75,13852,7,14,1780,0,0,0,0,0,0
202312,999,45500,C,Texarkana  TX-AR ,81,81,22517,49,98,12653,2,8,1500,5,30,3068,67,67,18902,49,98,12653,2,8,1500,5,30,3068
202312,999,45820,C,Topeka  KS ,301,301,74679,22,44,7981,0,0,0,0,0,0,249,249,64495,22,44,7981,0,0,0,0,0,0
202312,999,46220,C,Tuscaloosa  AL ,576,576,171135,15,30,2560,9,29,3315,4,61,9381,181,181,53003,0,0,0,0,0,0,0,0,0
202312,999,46300,C,Twin Falls  ID ,384,384,107653,13,26,6026,9,36,6770,1,9,950,383,383,107429,13,26,6026,9,36,6770,1,9,950
202312,999,46520,C,Urban Honolulu  HI ,657,657,238396,73,146,19625,2,7,459,22,1041,315412,0,0,0,0,0,0,0,0,0,0,0,0
202312,999,46540,C,Utica-Rome  NY ,184,184,69448,0,0,0,0,0,0,11,58,9063,59,59,46459,0,0,0,0,0,0,0,0,0
202312,999,46660,C,Valdosta  GA ,882,882,202886,3,6,398,0,0,0,2,25,2455,29,29,8024,0,0,0,0,0,0,0,0,0
202312,999,47300,C,Visalia  CA ,1045,1045,269394,29,58,6352,1,3,403,8,69,19095,1000,1000,261974,29,58,6352,1,3,403,8,69,19095
202312,999,47380,C,Waco  TX ,732,732,167468,41,82,7860,20,80,7579,84,847,86345,592,592,128194,35,70,6489,20,80,7579,72,787,80174
202312,999,47940,C,Waterloo-Cedar Falls  IA ,240,240,79661,8,16,2242,2,6,1576,9,222,28884,153,153,53474,4,8,1400,2,6,1576,4,42,6709
202312,999,48060,C,Watertown-Fort Drum  NY ,190,190,29475,0,0,0,0,0,0,0,0,0,7,7,1439,0,0,0,0,0,0,0,0,0
202312,999,48300,C,Wenatchee  WA ,506,506,191468,5,10,2192,2,7,1596,8,66,7426,460,460,175857,5,10,2192,2,7,1596,8,66,7426
202312,999,48540,C,Wheeling  WV-OH ,10,10,2285,0,0,0,1,3,350,0,0,0,4,4,1062,0,0,0,0,0,0,0,0,0
202312,999,48660,C,Wichita Falls  TX ,202,202,57345,3,6,580,3,9,900,1,46,4704,155,155,46034,3,6,580,3,9,900,1,46,4704
202312,999,48900,C,Wilmington  NC ,2082,2082,635319,72,144,21105,21,68,16213,40,1535,186777,326,326,79257,2,4,780,0,0,0,0,0,0
202312,999,49420,C,Yakima  WA ,453,453,132058,28,56,9916,22,81,9882,2,58,800,341,341,101954,28,56,9916,21,78,9590,2,58,800
202312,999,49740,C,Yuma  AZ ,761,761,120663,10,20,2116,1,4,346,6,88,8954,761,761,120663,10,20,2116,1,4,346,6,88,8954
