Survey,CSA,CBSA,MONCOV,CBSA,,1-unit,,,2-units,,,3-4 units,,,5+ units,,,1-unit rep,,,2-units rep,,,3-4 units rep,,,5+ units rep
Date,Code,Code,,Name,Bldgs,Units,Value,Bldgs,Units,Value,Bldgs,Units,Value,Bldgs,Units,Value,Bldgs,Units,Value,Bldgs,Units,Value,      Bldgs,Units,Value,Bldgs,Units,Value
 
201812,104,10580,C,Albany-Schenectady-Troy  NY ,1238,1238,333710,16,32,4459,30,116,14042,45,777,204650,1000,1000,269491,9,18,2797,27,106,12934,21,559,177926
201812,104,24020, ,Glens Falls  NY ,209,209,51486,1,2,270,0,0,0,0,0,0,129,129,32700,0,0,0,0,0,0,0,0,0
201812,106,10740,C,Albuquerque  NM ,2222,2222,488111,2,4,450,6,21,2403,17,134,9442,285,285,88653,1,2,167,1,3,314,0,0,0
201812,106,42140,C,Santa Fe  NM ,243,243,63890,0,0,0,0,0,0,6,30,2064,243,243,63890,0,0,0,0,0,0,6,30,2064
201812,108,11100, ,Amarillo  TX ,543,543,136410,6,12,1789,0,0,0,1,101,11428,543,543,136410,6,12,1789,0,0,0,1,101,11428
201812,118,11540, ,Appleton  WI ,413,413,112161,24,48,6936,0,0,0,2,20,1571,407,407,110437,19,38,5236,0,0,0,2,20,1571
201812,118,36780, ,Oshkosh-Neenah  WI ,199,199,51283,5,10,1825,0,0,0,9,97,6796,199,199,51283,5,10,1825,0,0,0,9,97,6796
201812,120,11700, ,Asheville  NC ,1931,1931,547513,0,0,0,0,0,0,38,628,55397,507,507,125417,0,0,0,0,0,0,14,330,26427
201812,122,12020, ,Athens-Clarke County  GA ,654,654,151332,0,0,0,2,8,1510,17,332,42697,654,654,151332,0,0,0,2,8,1510,17,332,42697
201812,122,12060, ,Atlanta-Sandy Springs-Roswell  GA ,26097,26097,5724264,51,102,14124,26,94,19741,254,12839,1593179,22806,22806,5053107,46,92,12372,25,90,19221,222,12089,1528665
201812,122,23580, ,Gainesville  GA ,889,889,184564,6,12,1660,4,12,2543,21,574,46977,303,303,47695,6,12,1660,4,12,2543,20,566,45977
201812,140,13460,C,Bend-Redmond  OR ,1819,1819,478958,27,54,8650,1,3,541,6,106,11317,1396,1396,380402,25,50,7838,1,3,541,2,22,2929
201812,142,13820,C,Birmingham-Hoover  AL ,2672,2672,709714,12,24,2968,1,4,223,25,295,28703,1521,1521,440019,0,0,0,1,4,223,7,118,9960
201812,144,14020,C,Bloomington  IN ,253,253,65290,28,56,7532,0,0,0,7,104,11969,0,0,0,0,0,0,0,0,0,0,0,0
201812,145,14010, ,Bloomington  IL ,83,83,11736,0,0,0,1,4,226,7,102,4815,56,56,7784,0,0,0,0,0,0,5,58,1665
201812,146,14100,C,Bloomsburg-Berwick  PA ,86,86,20035,0,0,0,0,0,0,8,116,13277,31,31,5996,0,0,0,0,0,0,7,52,4843
201812,147,14260,C,Boise City  ID ,6917,6917,1624896,32,64,7400,69,269,30279,117,1637,166279,6346,6346,1465453,26,52,6228,69,269,30279,117,1637,166279
201812,148,12700, ,Barnstable Town  MA ,81,81,40191,0,0,0,2,6,1000,0,0,0,29,29,14821,0,0,0,2,6,1000,0,0,0
201812,148,14460,C,Boston-Cambridge-Newton  MA-NH ,4846,4846,1521627,267,534,86057,102,347,65405,307,8246,1534976,2415,2415,843809,124,248,48759,81,270,51162,172,6239,1238833
201812,148,31700, ,Manchester-Nashua  NH ,391,391,73574,19,38,5269,2,6,407,14,268,30239,229,229,48017,12,24,3425,2,6,407,6,221,24310
201812,148,39300,C,Providence-Warwick  RI-MA ,1524,1524,348096,61,122,16027,7,21,2348,13,219,21061,724,724,174763,33,66,10092,7,21,2348,5,168,13989
201812,148,49340, ,Worcester  MA-CT ,181,181,43528,2,4,402,1,3,600,5,36,645,97,97,23886,0,0,0,0,0,0,0,0,0
201812,150,14540, ,Bowling Green  KY ,742,742,173405,49,98,7163,16,59,4145,108,1400,121954,0,0,0,0,0,0,0,0,0,0,0,0
201812,154,15180, ,Brownsville-Harlingen  TX ,910,910,94304,6,12,731,0,0,0,0,0,0,299,299,29506,5,10,616,0,0,0,0,0,0
201812,160,15380,C,Buffalo-Cheektowaga-Niagara Falls  NY ,974,974,276528,12,24,4901,6,22,2200,30,433,69252,678,678,207866,12,24,4901,6,22,2200,16,185,16732
201812,162,15980,C,Cape Coral-Fort Myers  FL ,5817,5817,1333457,280,560,69724,33,132,30641,120,3215,471011,5817,5817,1333457,280,560,69724,33,132,30641,120,3215,471011
201812,162,34940, ,Naples-Immokalee-Marco Island  FL ,3048,3048,705150,4,8,967,20,78,14809,58,1039,355926,3048,3048,705150,4,8,967,20,78,14809,58,1039,355926
201812,164,16020, ,Cape Girardeau  MO-IL ,0,0,0,0,0,0,0,0,0,0,0,0,0,0,0,0,0,0,0,0,0,0,0,0
201812,168,16300, ,Cedar Rapids  IA ,333,333,44815,39,78,7047,2,6,597,11,331,28068,333,333,44815,39,78,7047,2,6,597,11,331,28068
201812,168,26980, ,Iowa City  IA ,278,278,70031,12,24,4737,8,27,4818,11,631,69825,259,259,67415,12,24,4737,8,27,4818,11,631,69825
201812,170,16620, ,Charleston  WV ,79,79,12532,2,4,452,4,12,808,7,44,2790,41,41,6062,0,0,0,0,0,0,0,0,0
201812,170,26580, ,Huntington-Ashland  WV-KY-OH ,167,167,33267,4,8,1064,5,18,802,2,11,628,10,10,3084,0,0,0,1,4,150,0,0,0
201812,172,16740, ,Charlotte-Concord-Gastonia  NC-SC ,15282,15282,3955680,33,66,7431,11,44,8608,223,9561,899465,13178,13178,3202567,33,66,7431,11,44,8608,209,9322,872977
201812,174,16860, ,Chattanooga  TN-GA ,1645,1645,325369,29,58,4412,6,24,2680,5,157,17769,1204,1204,220269,1,2,133,6,24,2680,0,0,0
201812,174,17420, ,Cleveland  TN ,339,339,57701,10,20,1810,16,56,4978,2,11,549,0,0,0,0,0,0,0,0,0,0,0,0
201812,176,16980, ,Chicago-Naperville-Elgin  IL-IN-WI ,8476,8476,2359743,135,270,50219,193,631,128808,289,7843,956270,6815,6815,1865345,119,238,46956,184,600,122503,243,7034,849576
201812,176,28100, ,Kankakee  IL ,24,24,8773,0,0,0,0,0,0,0,0,0,24,24,8773,0,0,0,0,0,0,0,0,0
201812,176,33140, ,Michigan City-La Porte  IN ,125,125,28141,0,0,0,0,0,0,0,0,0,35,35,7051,0,0,0,0,0,0,0,0,0
201812,178,17140, ,Cincinnati  OH-KY-IN ,4273,4273,1048566,33,66,10896,39,130,18939,91,1676,157694,3321,3321,804612,30,60,8921,35,116,17639,76,1543,148046
201812,184,10420, ,Akron  OH ,677,677,316662,3,6,750,1,4,250,1,126,25100,677,677,316662,3,6,750,1,4,250,1,126,25100
201812,184,15940, ,Canton-Massillon  OH ,373,373,99831,8,16,1720,6,20,1025,10,53,4071,324,324,94112,7,14,1600,0,0,0,0,0,0
201812,184,17460, ,Cleveland-Elyria  OH ,2652,2652,696780,28,56,4428,25,92,10322,14,112,9525,2419,2419,656090,17,34,4312,20,77,8592,14,112,9525
201812,190,17860, ,Columbia  MO ,555,555,127560,1,2,426,0,0,0,0,0,0,555,555,127560,1,2,426,0,0,0,0,0,0
201812,192,17900,C,Columbia  SC ,4479,4479,843629,14,28,1366,0,0,0,22,436,26059,1101,1101,206896,14,28,1366,0,0,0,0,0,0
201812,194,12220,C,Auburn-Opelika  AL ,1036,1036,283969,8,16,2973,10,32,4430,8,47,5393,1036,1036,283969,8,16,2973,10,32,4430,8,47,5393
201812,194,17980, ,Columbus  GA-AL ,731,731,144874,0,0,0,10,32,1969,25,218,38169,404,404,81277,0,0,0,0,0,0,7,82,12571
201812,198,18140, ,Columbus  OH ,4237,4237,1158284,67,134,18793,44,166,20696,198,4094,414933,3703,3703,1030561,67,134,18793,43,162,20104,189,4032,410900
201812,204,18580, ,Corpus Christi  TX ,1049,1049,192718,0,0,0,3,11,1470,1,6,235,140,140,33947,0,0,0,2,8,1016,1,6,235
201812,206,19100, ,Dallas-Fort Worth-Arlington  TX ,36196,36196,9978231,162,324,56427,122,477,62356,580,26424,2901889,28163,28163,7466128,158,316,55444,120,469,61996,493,22271,2430347
201812,209,19340, ,Davenport-Moline-Rock Island  IA-IL ,281,281,68264,0,0,0,1,4,437,7,120,12141,77,77,15343,0,0,0,0,0,0,0,0,0
201812,212,19380, ,Dayton  OH ,1019,1019,326338,6,12,1814,0,0,0,20,296,43087,667,667,250792,6,12,1814,0,0,0,12,129,27505
201812,212,44220, ,Springfield  OH ,67,67,17789,0,0,0,0,0,0,1,18,2061,67,67,17789,0,0,0,0,0,0,1,18,2061
201812,216,14500, ,Boulder  CO ,817,817,336475,4,8,1905,9,30,5101,84,2013,254124,737,737,292258,3,6,1085,5,18,2977,63,1360,164320
201812,216,19740,C,Denver-Aurora-Lakewood  CO ,11801,11801,3285579,101,202,35717,46,152,23979,238,9489,1376619,11448,11448,3191433,70,140,28806,41,135,21238,219,8841,1288025
201812,216,24540, ,Greeley  CO ,2736,2736,701949,3,6,1107,22,80,13481,47,878,66163,1112,1112,268210,3,6,1107,12,46,7549,5,146,24149
201812,218,11180, ,Ames  IA ,98,98,34550,0,0,0,1,3,435,12,340,34950,98,98,34550,0,0,0,1,3,435,12,340,34950
201812,218,19780, ,Des Moines-West Des Moines  IA ,3188,3188,862306,34,68,5538,0,0,0,40,1647,179664,2854,2854,803767,33,66,5232,0,0,0,27,1339,160875
201812,220,11460, ,Ann Arbor  MI ,397,397,108870,5,10,1929,1,3,608,10,104,11239,128,128,36012,0,0,0,0,0,0,0,0,0
201812,220,19820, ,Detroit-Warren-Dearborn  MI ,6169,6169,1756923,24,48,9289,49,182,27425,84,928,141947,4913,4913,1437902,23,46,9019,38,144,24079,70,810,130958
201812,220,22420, ,Flint  MI ,230,230,55041,0,0,0,4,16,3058,4,161,9507,230,230,55041,0,0,0,4,16,3058,4,161,9507
201812,220,33780, ,Monroe  MI ,13,13,2119,0,0,0,1,4,340,0,0,0,13,13,2119,0,0,0,1,4,340,0,0,0
201812,222,20020, ,Dothan  AL ,214,214,54373,0,0,0,0,0,0,2,55,8600,189,189,49174,0,0,0,0,0,0,2,55,8600
201812,232,20740, ,Eau Claire  WI ,455,455,111693,48,96,12402,14,56,5714,11,118,8954,286,286,70910,43,86,10943,14,56,5714,11,118,8954
201812,236,21300, ,Elmira  NY ,3,3,387,2,4,280,0,0,0,0,0,0,3,3,387,2,4,280,0,0,0,0,0,0
201812,238,21340,C,El Paso  TX ,1848,1848,407844,74,148,17707,7,26,3046,48,481,84004,1593,1593,368253,59,118,15344,6,22,2886,48,481,84004
201812,238,29740,C,Las Cruces  NM ,840,840,188550,1,2,79,0,0,0,17,139,8785,667,667,140805,1,2,79,0,0,0,17,139,8785
201812,240,21500, ,Erie  PA ,83,83,16969,1,2,280,1,4,285,3,19,1605,77,77,15713,1,2,280,1,4,285,3,19,1605
201812,244,22020, ,Fargo  ND-MN ,1075,1075,259030,2,4,695,2,8,1400,35,1221,130145,1008,1008,241553,2,4,695,2,8,1400,35,1221,130145
201812,246,22180, ,Fayetteville  NC ,803,803,161224,8,16,2545,0,0,0,0,0,0,803,803,161224,2,4,486,0,0,0,0,0,0
201812,258,23060,C,Fort Wayne  IN ,1285,1285,326938,25,50,4131,1,4,608,30,483,55753,1285,1285,326938,25,50,4131,1,4,608,30,483,55753
201812,260,23420,C,Fresno  CA ,2225,2225,626433,26,52,10691,10,35,3091,61,637,58188,1274,1274,355777,1,2,75,5,20,2319,9,195,11732
201812,260,31460, ,Madera  CA ,465,465,115852,0,0,0,0,0,0,0,0,0,465,465,115852,0,0,0,0,0,0,0,0,0
201812,264,23540, ,Gainesville  FL ,497,497,150426,0,0,0,1,3,362,7,812,27648,369,369,133147,0,0,0,0,0,0,0,0,0
201812,266,24340, ,Grand Rapids-Wyoming  MI ,1691,1691,446566,32,64,12845,12,44,5578,41,796,110372,1041,1041,250262,32,64,12845,11,41,5080,27,686,96207
201812,266,34740, ,Muskegon  MI ,15,15,3324,0,0,0,0,0,0,0,0,0,0,0,0,0,0,0,0,0,0,0,0,0
201812,267,24580, ,Green Bay  WI ,650,650,172227,10,20,3018,1,3,402,31,310,25347,411,411,105948,7,14,2020,0,0,0,20,250,19812
201812,268,15500, ,Burlington  NC ,723,723,123944,1,2,205,0,0,0,3,108,6318,176,176,32880,0,0,0,0,0,0,3,108,6318
201812,268,24660,C,Greensboro-High Point  NC ,1958,1958,476141,11,22,925,1,4,415,9,249,24448,1688,1688,434005,11,22,925,1,4,415,9,249,24448
201812,268,49180, ,Winston-Salem  NC ,2397,2397,407774,1,2,165,0,0,0,10,174,14891,2243,2243,372431,0,0,0,0,0,0,2,84,10683
201812,273,24860, ,Greenville-Anderson-Mauldin  SC ,4965,4965,1485269,4,8,1188,5,17,1474,51,1443,148495,4635,4635,1412849,4,8,1188,3,11,870,30,1128,113395
201812,273,43900, ,Spartanburg  SC ,2631,2631,433854,0,0,0,0,0,0,0,0,0,2631,2631,433854,0,0,0,0,0,0,0,0,0
201812,274,24780, ,Greenville  NC ,316,316,57081,49,98,12178,0,0,0,11,362,38788,7,7,2430,0,0,0,0,0,0,3,54,2978
201812,276,23900,C,Gettysburg  PA ,224,224,49540,0,0,0,0,0,0,0,0,0,224,224,49540,0,0,0,0,0,0,0,0,0
201812,276,25420,C,Harrisburg-Carlisle  PA ,1372,1372,279433,0,0,0,17,61,9661,35,565,64675,1170,1170,232701,0,0,0,17,61,9661,35,565,64675
201812,276,30140, ,Lebanon  PA ,222,222,41290,0,0,0,0,0,0,0,0,0,222,222,41290,0,0,0,0,0,0,0,0,0
201812,276,49620, ,York-Hanover  PA ,130,130,30365,6,12,1476,3,11,1020,0,0,0,85,85,22040,6,12,1476,3,11,1020,0,0,0
201812,277,25500,C,Harrisonburg  VA ,450,450,122894,0,0,0,0,0,0,1,33,3300,450,450,122894,0,0,0,0,0,0,1,33,3300
201812,277,44420, ,Staunton-Waynesboro  VA ,166,166,36691,0,0,0,2,8,720,1,48,5600,166,166,36691,0,0,0,2,8,720,1,48,5600
201812,278,25540,C,Hartford-West Hartford-East Hartford  CT ,805,805,166577,7,14,1614,5,18,1598,64,771,63711,542,542,109038,4,8,1073,3,10,1050,9,356,31023
201812,278,35980, ,Norwich-New London  CT ,135,135,27519,9,18,2604,0,0,0,4,32,3918,78,78,17303,2,4,560,0,0,0,4,32,3918
201812,280,25860, ,Hickory-Lenoir-Morganton  NC ,10,10,1504,0,0,0,0,0,0,12,60,3343,0,0,0,0,0,0,0,0,0,0,0,0
201812,284,26300, ,Hot Springs  AR ,50,50,10252,0,0,0,0,0,0,4,40,4636,50,50,10252,0,0,0,0,0,0,4,40,4636
201812,288,26420, ,Houston-The Woodlands-Sugar Land  TX ,40083,40083,7153397,153,306,35524,27,106,13202,408,16526,1888750,30130,30130,6301083,145,290,34600,26,103,13097,370,16049,1846914
201812,290,19460, ,Decatur  AL ,145,145,26186,0,0,0,0,0,0,0,0,0,0,0,0,0,0,0,0,0,0,0,0,0
201812,290,26620,C,Huntsville  AL ,2856,2856,438565,0,0,0,9,36,14208,6,35,2511,2019,2019,287810,0,0,0,9,36,14208,6,35,2511
201812,292,26820, ,Idaho Falls  ID ,996,996,172307,1,2,122,10,38,2212,2,10,844,832,832,142329,0,0,0,0,0,0,0,0,0
201812,294,18020, ,Columbus  IN ,170,170,37313,0,0,0,0,0,0,0,0,0,170,170,37313,0,0,0,0,0,0,0,0,0
201812,294,26900, ,Indianapolis-Carmel-Anderson  IN ,7144,7144,2075321,60,120,16210,10,34,4840,47,1500,162568,6852,6852,2012680,58,116,15810,10,34,4840,47,1500,162568
201812,294,34620, ,Muncie  IN ,28,28,4273,0,0,0,0,0,0,0,0,0,28,28,4273,0,0,0,0,0,0,0,0,0
201812,296,27060, ,Ithaca  NY ,13,13,2744,6,12,1422,0,0,0,8,44,5281,0,0,0,0,0,0,0,0,0,0,0,0
201812,297,27180, ,Jackson  TN ,153,153,32019,0,0,0,0,0,0,0,0,0,153,153,32019,0,0,0,0,0,0,0,0,0
201812,298,27140, ,Jackson  MS ,1217,1217,298959,2,4,745,3,12,2340,0,0,0,1008,1008,263841,2,4,745,3,12,2340,0,0,0
201812,300,27260,C,Jacksonville  FL ,10756,10756,2726332,15,30,3315,24,89,15783,138,4576,466065,10528,10528,2666939,15,30,3315,24,89,15783,129,4360,441263
201812,304,27740, ,Johnson City  TN ,100,100,25132,6,12,590,0,0,0,6,161,17439,100,100,25132,6,12,590,0,0,0,6,161,17439
201812,304,28700, ,Kingsport-Bristol-Bristol  TN-VA ,14,14,3164,0,0,0,0,0,0,0,0,0,14,14,3164,0,0,0,0,0,0,0,0,0
201812,306,27780, ,Johnstown  PA ,7,7,1708,0,0,0,0,0,0,0,0,0,1,1,138,0,0,0,0,0,0,0,0,0
201812,308,27860, ,Jonesboro  AR ,452,452,68863,37,74,4369,27,95,5032,13,108,5946,0,0,0,0,0,0,0,0,0,0,0,0
201812,309,27900, ,Joplin  MO ,165,165,26013,14,28,3224,8,32,2257,3,24,1093,157,157,24986,14,28,3224,8,32,2257,3,24,1093
201812,310,12980, ,Battle Creek  MI ,3,3,941,0,0,0,0,0,0,0,0,0,0,0,0,0,0,0,0,0,0,0,0,0
201812,310,28020, ,Kalamazoo-Portage  MI ,88,88,28011,0,0,0,0,0,0,0,0,0,0,0,0,0,0,0,0,0,0,0,0,0
201812,312,28140, ,Kansas City  MO-KS ,5608,5608,1459553,126,252,34674,103,367,51657,104,3513,428632,4127,4127,1009370,120,240,30954,82,296,39170,71,1654,161128
201812,312,29940, ,Lawrence  KS ,322,322,73327,0,0,0,0,0,0,23,392,25989,322,322,73327,0,0,0,0,0,0,23,392,25989
201812,312,41140, ,St. Joseph  MO-KS ,1,1,91,0,0,0,0,0,0,0,0,0,1,1,91,0,0,0,0,0,0,0,0,0
201812,314,28940, ,Knoxville  TN ,3304,3304,707765,4,8,872,11,44,6010,32,850,83420,1120,1120,250494,3,6,772,11,44,6010,14,489,57048
201812,316,29020, ,Kokomo  IN ,106,106,15747,4,8,1105,0,0,0,3,92,10620,106,106,15747,4,8,1105,0,0,0,3,92,10620
201812,318,29180, ,Lafayette  LA ,1622,1622,348276,0,0,0,1,4,762,0,0,0,364,364,88308,0,0,0,1,4,762,0,0,0
201812,320,29200, ,Lafayette-West Lafayette  IN ,419,419,98099,1,2,278,1,4,550,21,1310,201531,24,24,3622,0,0,0,0,0,0,8,1100,177084
201812,324,29340, ,Lake Charles  LA ,895,895,168801,23,46,3210,0,0,0,11,264,25685,399,399,64458,23,46,3210,0,0,0,11,264,25685
201812,330,29620, ,Lansing-East Lansing  MI ,131,131,33009,1,2,168,1,4,320,3,33,2640,96,96,26627,0,0,0,1,4,320,3,33,2640
201812,332,29420, ,Lake Havasu City-Kingman  AZ ,945,945,198260,29,58,4398,4,15,1200,0,0,0,945,945,198260,29,58,4398,4,15,1200,0,0,0
201812,332,29820,C,Las Vegas-Henderson-Paradise  NV ,9589,9589,2348481,40,80,5882,16,54,4912,118,2221,163028,9589,9589,2348481,40,80,5882,16,54,4912,118,2221,163028
201812,336,30460,C,Lexington-Fayette  KY ,1403,1403,288223,33,66,9162,6,21,2880,47,1281,63484,457,457,114313,26,52,7590,3,11,1570,5,138,9223
201812,338,30620, ,Lima  OH ,11,11,2985,1,2,40,0,0,0,0,0,0,11,11,2985,0,0,0,0,0,0,0,0,0
201812,339,30700, ,Lincoln  NE ,1109,1109,233284,12,24,4138,0,0,0,29,1074,112765,69,69,11688,0,0,0,0,0,0,0,0,0
201812,340,30780, ,Little Rock-North Little Rock-Conway  AR ,1766,1766,356496,24,48,4863,1,3,450,18,294,25494,1293,1293,282788,13,26,3297,1,3,450,6,196,22738
201812,340,38220, ,Pine Bluff  AR ,8,8,874,3,6,310,0,0,0,0,0,0,1,1,24,3,6,310,0,0,0,0,0,0
201812,346,30980, ,Longview  TX ,130,130,23288,0,0,0,0,0,0,3,74,4980,130,130,23288,0,0,0,0,0,0,3,74,4980
201812,348,31080,C,Los Angeles-Long Beach-Anaheim  CA ,10029,10029,3516398,764,1528,306745,157,522,108602,517,17542,3445334,8698,8698,2835614,721,1442,283116,142,473,102484,458,16194,3210262
201812,348,37100, ,Oxnard-Thousand Oaks-Ventura  CA ,391,391,88868,13,26,5153,3,12,1445,29,387,64483,39,39,13969,6,12,3720,0,0,0,7,64,16960
201812,348,40140, ,Riverside-San Bernardino-Ontario  CA ,11168,11168,2978473,84,168,25614,75,285,43860,251,2994,412018,9981,9981,2675089,84,168,25614,75,285,43860,223,2713,391126
201812,350,21060, ,Elizabethtown-Fort Knox  KY ,385,385,75224,17,34,4442,0,0,0,2,16,1096,349,349,69433,12,24,3369,0,0,0,2,16,1096
201812,350,31140, ,Louisville-Jefferson County  KY-IN ,3160,3160,872983,6,12,1371,8,30,2426,101,2369,313747,2642,2642,731826,5,10,1273,8,30,2426,101,2369,313747
201812,352,31180, ,Lubbock  TX ,1472,1472,331432,8,16,2083,2,8,786,19,231,25267,1461,1461,329847,8,16,2083,2,8,786,19,231,25267
201812,356,31420, ,Macon-Bibb County  GA ,238,238,46195,0,0,0,0,0,0,0,0,0,0,0,0,0,0,0,0,0,0,0,0,0
201812,356,47580, ,Warner Robins  GA ,798,798,157835,0,0,0,1,3,243,54,494,34532,548,548,112663,0,0,0,1,3,243,0,0,0
201812,357,27500, ,Janesville-Beloit  WI ,188,188,44453,8,16,3649,0,0,0,0,0,0,188,188,44453,8,16,3649,0,0,0,0,0,0
201812,357,31540, ,Madison  WI ,1604,1604,540794,50,100,17831,21,76,9974,49,1842,268643,1059,1059,358313,33,66,11523,14,53,6949,32,1371,227068
201812,358,31740, ,Manhattan  KS ,206,206,59909,0,0,0,2,8,763,0,0,0,206,206,59909,0,0,0,2,8,763,0,0,0
201812,359,31860, ,Mankato-North Mankato  MN ,140,140,28933,2,4,324,0,0,0,4,200,23623,135,135,27680,0,0,0,0,0,0,4,200,23623
201812,365,32580,C,McAllen-Edinburg-Mission  TX ,2969,2969,424975,305,610,35162,86,337,32003,17,729,66845,2705,2705,395023,302,604,34759,85,334,32003,17,729,66845
201812,366,32780, ,Medford  OR ,497,497,122191,7,14,1513,0,0,0,22,232,25261,459,459,113375,7,14,1513,0,0,0,14,132,15367
201812,368,32820, ,Memphis  TN-MS-AR ,3195,3195,680805,1,2,108,0,0,0,13,1310,132318,2103,2103,490117,1,2,108,0,0,0,11,1300,131530
201812,370,33100, ,Miami-Fort Lauderdale-West Palm Beach  FL ,7044,7044,2447231,119,238,41479,104,382,39471,321,13075,1827473,6057,6057,2140410,117,234,40916,102,375,38983,262,11718,1638767
201812,370,38940, ,Port St. Lucie  FL ,2415,2415,512906,61,122,18106,19,66,13300,44,700,104417,2108,2108,362423,61,122,18106,9,31,4004,42,688,101379
201812,370,42680, ,Sebastian-Vero Beach  FL ,1085,1085,429362,0,0,0,6,18,1104,4,42,10710,1085,1085,429362,0,0,0,6,18,1104,4,42,10710
201812,372,33260, ,Midland  TX ,1222,1222,307846,0,0,0,0,0,0,0,0,0,1222,1222,307846,0,0,0,0,0,0,0,0,0
201812,372,36220,C,Odessa  TX ,670,670,132879,11,22,1582,0,0,0,0,0,0,0,0,0,0,0,0,0,0,0,0,0,0
201812,376,33340,C,Milwaukee-Waukesha-West Allis  WI ,1745,1745,604481,67,134,25437,1,3,980,41,1476,164353,1496,1496,514148,61,122,22845,1,3,980,28,1316,141739
201812,376,39540, ,Racine  WI ,220,220,68064,8,16,2685,0,0,0,5,73,5594,76,76,20740,7,14,2235,0,0,0,5,73,5594
201812,378,33460, ,Minneapolis-St. Paul-Bloomington  MN-WI ,8873,8873,2679359,48,96,15998,29,111,22109,128,8484,1476775,7719,7719,2329205,45,90,15258,27,103,20678,108,7705,1349357
201812,378,41060, ,St. Cloud  MN ,8,8,2030,0,0,0,0,0,0,0,0,0,0,0,0,0,0,0,0,0,0,0,0,0
201812,380,19300, ,Daphne-Fairhope-Foley  AL ,1903,1903,385736,3,6,393,1,4,386,3,18,1739,428,428,133439,0,0,0,1,4,386,3,18,1739
201812,380,33660, ,Mobile  AL ,671,671,146997,2,4,463,0,0,0,3,30,3784,223,223,43978,0,0,0,0,0,0,2,20,2700
201812,382,32900, ,Merced  CA ,249,249,56313,0,0,0,0,0,0,0,0,0,249,249,56313,0,0,0,0,0,0,0,0,0
201812,382,33700, ,Modesto  CA ,47,47,6622,0,0,0,0,0,0,0,0,0,0,0,0,0,0,0,0,0,0,0,0,0
201812,384,33740, ,Monroe  LA ,282,282,64246,5,10,405,6,23,3616,5,25,2894,0,0,0,0,0,0,0,0,0,0,0,0
201812,390,34060, ,Morgantown  WV ,11,11,4087,0,0,0,0,0,0,1,245,27000,10,10,3982,0,0,0,0,0,0,0,0,0
201812,396,34820, ,Myrtle Beach-Conway-North Myrtle Beach  SC-NC ,5730,5730,1100479,4,8,1111,1,4,635,38,529,46869,3799,3799,653054,3,6,543,1,4,635,27,390,32150
201812,400,34980, ,Nashville-Davidson--Murfreesboro--Franklin  TN ,12343,12343,3186477,11,22,2808,19,73,5607,134,5605,462020,10737,10737,2799416,11,22,2808,15,59,4493,120,5441,448959
201812,406,25220, ,Hammond  LA ,831,831,134275,1,2,250,0,0,0,0,0,0,0,0,0,0,0,0,0,0,0,0,0,0
201812,406,35380, ,New Orleans-Metairie  LA ,2985,2985,694595,89,178,18069,6,22,5143,12,623,127283,2319,2319,542239,14,28,2556,1,3,570,2,10,816
201812,408,10900, ,Allentown-Bethlehem-Easton  PA-NJ ,358,358,79265,0,0,0,0,0,0,6,65,6673,193,193,35999,0,0,0,0,0,0,0,0,0
201812,408,14860,C,Bridgeport-Stamford-Norwalk  CT ,757,757,463056,15,30,6840,9,27,4260,17,291,59872,519,519,242375,15,30,6840,9,27,4260,14,269,46427
201812,408,20700, ,East Stroudsburg  PA ,120,120,28231,0,0,0,0,0,0,0,0,0,76,76,16412,0,0,0,0,0,0,0,0,0
201812,408,28740, ,Kingston  NY ,61,61,13976,1,2,210,1,4,497,10,53,12927,54,54,12693,1,2,210,1,4,497,0,0,0
201812,408,35300, ,New Haven-Milford  CT ,196,196,33702,10,20,1505,0,0,0,17,575,60948,121,121,22469,10,20,1505,0,0,0,4,438,52518
201812,408,35620,C,New York-Newark-Jersey City  NY-NJ-PA ,10633,10633,2926401,835,1670,230524,316,1056,151810,1133,35025,4456273,8327,8327,2270766,746,1492,203017,266,890,133868,778,28460,3779549
201812,408,45940,C,Trenton  NJ ,176,176,36566,5,12,638,15,54,3069,20,273,15390,125,125,21367,4,10,551,3,10,1564,12,194,12714
201812,412,35840,C,North Port-Sarasota-Bradenton  FL ,6324,6324,1509467,18,36,5376,31,112,20467,134,3804,431040,3200,3200,808228,9,18,3848,13,45,10240,96,2987,343868
201812,412,39460, ,Punta Gorda  FL ,1826,1826,461809,34,68,9317,0,0,0,0,0,0,1826,1826,461809,34,68,9317,0,0,0,0,0,0
201812,416,36420,C,Oklahoma City  OK ,5456,5456,1261479,115,230,23426,12,43,4519,3,31,2189,5149,5149,1208927,115,230,23426,9,33,3654,3,31,2189
201812,420,36540, ,Omaha-Council Bluffs  NE-IA ,2806,2806,586498,15,30,4633,9,35,3404,46,1941,113181,2078,2078,396343,3,6,814,9,35,3404,46,1941,113181
201812,422,19660, ,Deltona-Daytona Beach-Ormond Beach  FL ,2210,2210,625550,79,158,25482,0,0,0,7,186,25656,2069,2069,588013,79,158,25482,0,0,0,7,186,25656
201812,422,36740, ,Orlando-Kissimmee-Sanford  FL ,16238,16238,4064137,122,244,32921,15,59,6999,317,12336,1175267,13677,13677,3385906,117,234,32136,15,59,6999,297,11792,1122585
201812,422,45540,C,The Villages  FL ,2076,2076,552266,0,0,0,0,0,0,0,0,0,2076,2076,552266,0,0,0,0,0,0,0,0,0
201812,425,37620, ,Parkersburg-Vienna  WV ,72,72,14516,2,4,276,9,32,3245,0,0,0,4,4,291,0,0,0,0,0,0,0,0,0
201812,426,37860,C,Pensacola-Ferry Pass-Brent  FL ,2538,2538,502009,2,4,1000,0,0,0,6,36,360,2538,2538,502009,2,4,1000,0,0,0,6,36,360
201812,427,37900, ,Peoria  IL ,35,35,11403,0,0,0,0,0,0,2,98,12700,3,3,628,0,0,0,0,0,0,1,62,7200
201812,428,12100,C,Atlantic City-Hammonton  NJ ,376,376,92616,1,2,290,0,0,0,29,636,56449,335,335,86144,0,0,0,0,0,0,6,214,5779
201812,428,20100,C,Dover  DE ,1320,1320,197432,7,14,1708,1,3,677,14,121,12173,1299,1299,193117,7,14,1708,1,3,677,8,87,8876
201812,428,36140,C,Ocean City  NJ ,447,447,180219,74,148,25404,4,12,80,2,34,8746,407,407,170681,72,144,25055,4,12,80,2,34,8746
201812,428,37980,C,Philadelphia-Camden-Wilmington  PA-NJ-DE-MD ,7001,7001,1325224,146,292,48769,179,611,71528,280,5484,722504,4368,4368,936449,145,290,48569,166,567,67084,191,3722,469783
201812,428,39740, ,Reading  PA ,34,34,5193,0,0,0,0,0,0,0,0,0,8,8,760,0,0,0,0,0,0,0,0,0
201812,428,47220,C,Vineland-Bridgeton  NJ ,82,82,8318,0,0,0,0,0,0,0,0,0,15,15,1468,0,0,0,0,0,0,0,0,0
201812,430,38300, ,Pittsburgh  PA ,1032,1032,309896,9,18,3153,5,19,2430,10,585,64142,756,756,245042,2,4,439,5,19,2430,1,40,4100
201812,430,48260, ,Weirton-Steubenville  WV-OH ,0,0,0,0,0,0,0,0,0,0,0,0,0,0,0,0,0,0,0,0,0,0,0,0
201812,438,30340, ,Lewiston-Auburn  ME ,90,90,18152,3,6,550,0,0,0,5,105,13416,74,74,15796,3,6,550,0,0,0,5,105,13416
201812,438,38860, ,Portland-South Portland  ME ,1423,1423,359518,44,88,15265,6,20,2597,32,487,47899,605,605,162608,30,60,10641,4,14,2122,6,75,7996
201812,440,10540, ,Albany  OR ,329,329,79985,1,2,367,0,0,0,10,97,10129,207,207,47168,1,2,367,0,0,0,4,67,7617
201812,440,18700, ,Corvallis  OR ,45,45,12716,1,2,230,4,14,2711,8,156,23590,45,45,12716,1,2,230,4,14,2711,8,156,23590
201812,440,31020, ,Longview  WA ,220,220,48473,0,0,0,0,0,0,0,0,0,0,0,0,0,0,0,0,0,0,0,0,0
201812,440,38900, ,Portland-Vancouver-Hillsboro  OR-WA ,6849,6849,2007964,138,276,47698,31,105,15237,224,7274,922737,4505,4505,1243513,135,270,46753,21,72,10517,182,6795,868901
201812,440,41420, ,Salem  OR ,760,760,214663,24,48,7331,5,18,991,27,322,35683,760,760,214663,24,48,7331,5,18,991,27,322,35683
201812,444,39380,C,Pueblo  CO ,479,479,74234,0,0,0,0,0,0,0,0,0,479,479,74234,0,0,0,0,0,0,0,0,0
201812,450,20500,C,Durham-Chapel Hill  NC ,3289,3289,763369,34,68,6189,0,0,0,51,2060,204514,1250,1250,372866,5,10,1699,0,0,0,5,737,97159
201812,450,39580,C,Raleigh  NC ,11163,11163,2360287,37,74,6170,7,27,4344,128,4689,499729,10510,10510,2273539,37,74,6170,6,23,3931,128,4689,499729
201812,452,39660, ,Rapid City  SD ,452,452,89629,11,22,3070,5,20,1990,12,246,30786,452,452,89629,11,22,3070,5,20,1990,12,246,30786
201812,454,39820, ,Redding  CA ,103,103,26226,0,0,0,0,0,0,0,0,0,103,103,26226,0,0,0,0,0,0,0,0,0
201812,456,16180,C,Carson City  NV ,180,180,46921,0,0,0,0,0,0,8,130,12980,180,180,46921,0,0,0,0,0,0,8,130,12980
201812,456,39900,C,Reno  NV ,2255,2255,616664,10,20,2563,5,20,2166,118,2150,244927,2247,2247,615170,10,20,2563,5,20,2166,118,2150,244927
201812,462,40340, ,Rochester  MN ,379,379,104727,0,0,0,0,0,0,18,1068,183219,379,379,104727,0,0,0,0,0,0,18,1068,183219
201812,464,40380, ,Rochester  NY ,1131,1131,247456,9,18,2182,11,39,4086,66,957,76546,889,889,205436,8,16,2080,4,15,1942,47,489,48515
201812,466,40420, ,Rockford  IL ,163,163,19386,23,46,6278,3,10,988,0,0,0,163,163,19386,23,46,6278,3,10,988,0,0,0
201812,470,40660,C,Rome  GA ,198,198,32749,0,0,0,3,12,1152,0,0,0,198,198,32749,0,0,0,3,12,1152,0,0,0
201812,472,40900,C,Sacramento--Roseville--Arden-Arcade  CA ,6420,6420,1896240,22,44,7725,3,11,1744,53,1425,191956,6372,6372,1880979,19,38,6842,3,11,1744,53,1425,191956
201812,474,13020, ,Bay City  MI ,15,15,7117,0,0,0,0,0,0,0,0,0,15,15,7117,0,0,0,0,0,0,0,0,0
201812,474,33220, ,Midland  MI ,37,37,5126,2,4,432,0,0,0,0,0,0,35,35,4709,2,4,432,0,0,0,0,0,0
201812,474,40980, ,Saginaw  MI ,40,40,7805,3,6,588,6,24,1200,0,0,0,40,40,7805,3,6,588,6,24,1200,0,0,0
201812,476,41180, ,St. Louis  MO-IL ,5161,5161,1381869,34,68,9312,21,75,9239,64,1800,191739,4306,4306,1110246,29,58,8010,10,36,4788,49,1716,182473
201812,482,36260, ,Ogden-Clearfield  UT ,2547,2547,656984,7,14,2264,51,194,25844,37,620,67045,2160,2160,534280,3,6,880,42,158,20240,30,541,59921
201812,482,39340, ,Provo-Orem  UT ,5506,5506,1515582,7,14,2521,15,57,9569,68,1254,155121,5343,5343,1450036,5,10,1616,15,57,9569,68,1254,155121
201812,482,41620, ,Salt Lake City  UT ,5368,5368,1335852,125,250,30375,67,243,33802,168,2865,367438,2624,2624,605201,98,196,22109,23,79,9783,104,1953,247339
201812,488,41860,C,San Francisco-Oakland-Hayward  CA ,4051,4051,1659886,76,152,33714,77,259,70274,227,13225,2699469,3004,3004,1242887,67,134,29708,58,195,54889,137,10229,2062880
201812,488,41940,C,San Jose-Sunnyvale-Santa Clara  CA ,2442,2442,890821,12,24,5633,7,24,6187,119,5872,963976,1980,1980,714123,10,20,4887,3,9,1872,97,4884,798499
201812,488,42100, ,Santa Cruz-Watsonville  CA ,136,136,30951,0,0,0,10,33,3789,18,103,10476,0,0,0,0,0,0,0,0,0,0,0,0
201812,488,42220, ,Santa Rosa  CA ,3104,3104,1027924,15,30,6262,14,52,12094,2,11,995,2840,2840,978856,15,30,6262,14,52,12094,2,11,995
201812,488,44700, ,Stockton-Lodi  CA ,1946,1946,597080,0,0,0,2,8,758,0,0,0,1574,1574,491874,0,0,0,2,8,758,0,0,0
201812,488,46700, ,Vallejo-Fairfield  CA ,584,584,155899,0,0,0,0,0,0,1,24,1400,562,562,151017,0,0,0,0,0,0,1,24,1400
201812,496,25980, ,Hinesville  GA ,261,261,58539,0,0,0,0,0,0,0,0,0,261,261,58539,0,0,0,0,0,0,0,0,0
201812,496,42340, ,Savannah  GA ,2096,2096,446782,2,4,585,2,8,680,50,1066,179235,1614,1614,327815,2,4,585,2,8,680,50,1066,179235
201812,500,14740,C,Bremerton-Silverdale  WA ,903,903,286243,11,22,3601,3,9,3147,13,215,34686,775,775,255108,4,8,1421,3,9,3147,11,167,32270
201812,500,34580, ,Mount Vernon-Anacortes  WA ,495,495,117181,3,6,1182,1,3,289,1,20,1327,322,322,88759,3,6,1182,1,3,289,1,20,1327
201812,500,36500, ,Olympia-Tumwater  WA ,880,880,240822,3,6,930,13,39,5937,21,726,77634,880,880,240822,3,6,930,13,39,5937,21,726,77634
201812,500,42660,C,Seattle-Tacoma-Bellevue  WA ,9034,9034,3162644,313,626,128352,241,840,163960,394,17450,1986623,7084,7084,2384176,304,608,125041,232,807,156989,355,14168,1708458
201812,512,43580, ,Sioux City  IA-NE-SD ,132,132,36336,1,2,200,3,9,0,0,0,0,24,24,5605,1,2,200,0,0,0,0,0,0
201812,515,21140, ,Elkhart-Goshen  IN ,260,260,76287,0,0,0,0,0,0,0,0,0,260,260,76287,0,0,0,0,0,0,0,0,0
201812,515,35660, ,Niles-Benton Harbor  MI ,18,18,4359,0,0,0,0,0,0,0,0,0,16,16,3976,0,0,0,0,0,0,0,0,0
201812,515,43780, ,South Bend-Mishawaka  IN-MI ,325,325,99069,0,0,0,1,3,1137,9,90,9947,325,325,99069,0,0,0,1,3,1137,9,90,9947
201812,518,17660, ,Coeur dAlene  ID ,1456,1456,342195,9,18,3580,2,8,557,23,520,53920,1456,1456,342195,9,18,3580,2,8,557,23,520,53920
201812,518,44060, ,Spokane-Spokane Valley  WA ,1934,1934,481448,100,200,34565,19,63,7964,52,1013,116710,1509,1509,372000,94,188,32537,10,33,4445,20,386,44201
201812,520,44180, ,Springfield  MO ,762,762,186811,13,26,4510,0,0,0,10,309,40195,762,762,186811,13,26,4510,0,0,0,10,309,40195
201812,521,44140, ,Springfield  MA ,34,34,8971,6,12,1104,1,3,264,0,0,0,15,15,4574,5,10,696,0,0,0,0,0,0
201812,522,44100, ,Springfield  IL ,91,91,28549,18,36,8492,0,0,0,5,183,11768,81,81,26047,18,36,8492,0,0,0,5,183,11768
201812,524,44300, ,State College  PA ,163,163,53289,0,0,0,0,0,0,0,0,0,161,161,52803,0,0,0,0,0,0,0,0,0
201812,532,45060, ,Syracuse  NY ,317,317,67827,0,0,0,5,19,2671,4,97,12327,306,306,65833,0,0,0,5,19,2671,4,97,12327
201812,533,45220, ,Tallahassee  FL ,900,900,172433,6,12,1330,0,0,0,42,1114,139967,222,222,39318,0,0,0,0,0,0,0,0,0
201812,534,45780, ,Toledo  OH ,643,643,161251,12,24,1990,15,59,5860,19,139,7886,623,623,158998,12,24,1990,15,59,5860,18,134,7486
201812,536,46060,C,Tucson  AZ ,3339,3339,916353,23,46,5750,5,20,2483,85,934,131601,677,677,189123,2,4,551,4,16,2197,0,0,0
201812,538,46140,C,Tulsa  OK ,2840,2840,634153,19,38,12781,4,16,1094,29,518,49794,2668,2668,605221,16,32,12176,4,16,1094,23,356,37314
201812,540,46340, ,Tyler  TX ,337,337,103558,16,32,7775,20,63,12865,1,5,735,337,337,103558,16,32,7775,20,63,12865,1,5,735
201812,545,47260, ,Virginia Beach-Norfolk-Newport News  VA-NC ,4120,4120,932452,15,30,3450,14,52,8585,54,1274,101156,3444,3444,834196,13,26,3308,14,52,8585,49,994,76681
201812,546,47300, ,Visalia-Porterville  CA ,1176,1176,252919,11,22,1853,2,8,1188,32,228,25560,1176,1176,252919,11,22,1853,2,8,1188,32,228,25560
201812,548,12580,C,Baltimore-Columbia-Towson  MD ,5347,5347,1085918,3,6,947,0,0,0,58,3920,556409,5319,5319,1082357,3,6,947,0,0,0,57,3895,551659
201812,548,15680,C,California-Lexington Park  MD ,871,871,177750,0,0,0,0,0,0,6,60,1183,871,871,177750,0,0,0,0,0,0,6,60,1183
201812,548,16540,C,Chambersburg-Waynesboro  PA ,321,321,58579,2,4,581,0,0,0,16,96,9027,219,219,43475,2,4,581,0,0,0,5,39,3469
201812,548,25180, ,Hagerstown-Martinsburg  MD-WV ,1313,1313,272598,3,6,685,0,0,0,1,24,1700,1313,1313,272598,3,6,685,0,0,0,1,24,1700
201812,548,47900, ,Washington-Arlington-Alexandria  DC-VA-MD-WV ,13322,13322,3188170,51,102,13356,11,38,24413,184,11967,1358508,13185,13185,3160732,40,80,10920,11,38,24413,180,11942,1354754
201812,548,49020, ,Winchester  VA-WV ,585,585,133535,2,4,800,13,49,5891,24,138,18214,585,585,133535,2,4,800,13,49,5891,24,138,18214
201812,554,48140, ,Wausau  WI ,137,137,33389,5,10,1265,3,12,1260,0,0,0,70,70,17299,5,10,1265,3,12,1260,0,0,0
201812,556,48620, ,Wichita  KS ,833,833,180536,167,334,26538,15,56,12156,10,143,10006,73,73,18164,0,0,0,13,50,11606,0,0,0
201812,558,48700, ,Williamsport  PA ,37,37,10439,3,6,900,0,0,0,0,0,0,37,37,10439,3,6,900,0,0,0,0,0,0
201812,566,49660, ,Youngstown-Warren-Boardman  OH-PA ,243,243,50909,4,8,960,0,0,0,0,0,0,241,241,50513,4,8,960,0,0,0,0,0,0
201812,999,10180, ,Abilene  TX ,305,305,68882,11,22,1811,0,0,0,0,0,0,305,305,68882,11,22,1811,0,0,0,0,0,0
201812,999,10500, ,Albany  GA ,125,125,15271,0,0,0,1,3,135,4,20,2015,95,95,11132,0,0,0,0,0,0,0,0,0
201812,999,10780, ,Alexandria  LA ,205,205,48382,0,0,0,0,0,0,0,0,0,0,0,0,0,0,0,0,0,0,0,0,0
201812,999,11020, ,Altoona  PA ,16,16,2627,0,0,0,0,0,0,0,0,0,16,16,2627,0,0,0,0,0,0,0,0,0
201812,999,11260,C,Anchorage  AK ,938,938,290267,32,64,10899,14,51,8696,20,208,32244,62,62,16258,32,64,10899,1,3,359,1,42,6000
201812,999,11500, ,Anniston-Oxford-Jacksonville  AL ,54,54,8299,0,0,0,1,4,800,0,0,0,54,54,8299,0,0,0,1,4,800,0,0,0
201812,999,12260, ,Augusta-Richmond County  GA-SC ,2588,2588,515868,2,4,360,9,33,2264,20,261,15060,2085,2085,429378,0,0,0,9,33,2264,11,88,4216
201812,999,12420, ,Austin-Round Rock  TX ,16904,16904,4114706,42,84,8227,17,65,12831,365,12663,1072275,13876,13876,3472417,23,46,5021,15,57,11894,358,12518,1064123
201812,999,12540, ,Bakersfield  CA ,1607,1607,402034,27,54,5754,2,7,841,15,154,26179,381,381,59639,1,2,125,1,4,512,12,138,20573
201812,999,12620, ,Bangor  ME ,126,126,27465,3,6,468,1,3,275,1,12,1809,125,125,27230,3,6,468,1,3,275,1,12,1809
201812,999,12940, ,Baton Rouge  LA ,3567,3567,732526,7,14,1328,8,24,1857,10,401,40338,3127,3127,642643,5,10,1095,0,0,0,1,48,5381
201812,999,13140, ,Beaumont-Port Arthur  TX ,454,454,95154,0,0,0,1,4,417,7,145,13008,454,454,95154,0,0,0,1,4,417,7,145,13008
201812,999,13220,C,Beckley  WV ,92,92,14615,0,0,0,0,0,0,0,0,0,2,2,262,0,0,0,0,0,0,0,0,0
201812,999,13380, ,Bellingham  WA ,734,734,192751,29,58,8984,12,38,5875,34,579,59952,674,674,175910,23,46,6844,11,35,5108,34,579,59952
201812,999,13740, ,Billings  MT ,566,566,114488,8,16,2715,0,0,0,9,136,6264,566,566,114488,8,16,2715,0,0,0,9,136,6264
201812,999,13780, ,Binghamton  NY ,0,0,0,0,0,0,0,0,0,0,0,0,0,0,0,0,0,0,0,0,0,0,0,0
201812,999,13900, ,Bismarck  ND ,365,365,86426,13,26,4872,4,15,2672,3,96,11780,99,99,23850,13,26,4872,4,15,2672,0,0,0
201812,999,13980, ,Blacksburg-Christiansburg-Radford  VA ,58,58,14850,0,0,0,0,0,0,0,0,0,58,58,14850,0,0,0,0,0,0,0,0,0
201812,999,15260, ,Brunswick  GA ,619,619,177946,0,0,0,0,0,0,0,0,0,0,0,0,0,0,0,0,0,0,0,0,0
201812,999,15540, ,Burlington-South Burlington  VT ,309,309,77786,20,40,6053,16,56,5718,12,362,35400,235,235,60172,18,36,5586,16,56,5718,11,354,34666
201812,999,16220, ,Casper  WY ,140,140,31105,11,22,1917,1,4,470,1,11,1343,80,80,13152,0,0,0,0,0,0,0,0,0
201812,999,16580, ,Champaign-Urbana  IL ,168,168,36060,0,0,0,0,0,0,28,975,130641,164,164,35298,0,0,0,0,0,0,28,975,130641
201812,999,16700,C,Charleston-North Charleston  SC ,4720,4720,1387137,2,4,1218,8,31,1770,79,2301,172028,2863,2863,875082,2,4,1218,8,31,1770,51,1541,112909
201812,999,16820, ,Charlottesville  VA ,732,732,207789,2,4,255,0,0,0,31,571,76592,0,0,0,0,0,0,0,0,0,0,0,0
201812,999,16940, ,Cheyenne  WY ,389,389,73038,0,0,0,15,51,4526,8,97,8221,389,389,73038,0,0,0,15,51,4526,8,97,8221
201812,999,17020, ,Chico  CA ,350,350,78476,11,22,2459,3,12,1467,7,74,8573,350,350,78476,11,22,2459,3,12,1467,7,74,8573
201812,999,17300,C,Clarksville  TN-KY ,1508,1508,241243,9,18,1282,32,124,7143,22,153,9454,705,705,87295,9,18,1282,30,116,6743,22,153,9454
201812,999,17780, ,College Station-Bryan  TX ,1023,1023,195487,9,18,2620,3,11,2055,28,804,73110,1021,1021,195096,9,18,2620,3,11,2055,28,804,73110
201812,999,17820,C,Colorado Springs  CO ,4228,4228,1612460,4,8,2068,6,24,3163,61,1473,212870,4227,4227,1612410,4,8,2068,6,24,3163,61,1473,212870
201812,999,18880,C,Crestview-Fort Walton Beach-Destin  FL ,2086,2086,836706,2,4,612,49,156,26257,12,120,36572,2046,2046,828280,2,4,612,49,156,26257,12,120,36572
201812,999,19060, ,Cumberland  MD-WV ,37,37,6570,0,0,0,0,0,0,0,0,0,37,37,6570,0,0,0,0,0,0,0,0,0
201812,999,19180, ,Danville  IL ,2,2,293,0,0,0,0,0,0,0,0,0,1,1,78,0,0,0,0,0,0,0,0,0
201812,999,19500, ,Decatur  IL ,20,20,5332,1,2,300,0,0,0,0,0,0,20,20,5332,1,2,300,0,0,0,0,0,0
201812,999,20220, ,Dubuque  IA ,110,110,36833,0,0,0,0,0,0,0,0,0,42,42,10321,0,0,0,0,0,0,0,0,0
201812,999,20260, ,Duluth  MN-WI ,108,108,23703,0,0,0,0,0,0,0,0,0,103,103,22736,0,0,0,0,0,0,0,0,0
201812,999,20940, ,El Centro  CA ,213,213,42148,0,0,0,0,0,0,7,84,6249,212,212,41933,0,0,0,0,0,0,7,84,6249
201812,999,21420, ,Enid  OK ,44,44,8317,0,0,0,0,0,0,0,0,0,44,44,8317,0,0,0,0,0,0,0,0,0
201812,999,21660, ,Eugene  OR ,695,695,169207,26,52,8203,1,4,599,33,492,60820,433,433,103384,26,52,8203,1,4,599,33,492,60820
201812,999,21780, ,Evansville  IN-KY ,522,522,118280,7,14,1020,2,8,1010,1,10,400,509,509,116656,6,12,960,1,4,760,1,10,400
201812,999,21820,C,Fairbanks  AK ,13,13,3483,0,0,0,0,0,0,0,0,0,13,13,3483,0,0,0,0,0,0,0,0,0
201812,999,22140,C,Farmington  NM ,68,68,15573,2,4,394,0,0,0,0,0,0,26,26,7384,0,0,0,0,0,0,0,0,0
201812,999,22220, ,Fayetteville-Springdale-Rogers  AR-MO ,3793,3793,937511,45,90,9172,27,100,13750,67,1544,166884,3321,3321,838891,44,88,8992,27,100,13750,49,1246,142823
201812,999,22380, ,Flagstaff  AZ ,594,594,117482,0,0,0,1,4,1500,0,0,0,594,594,117482,0,0,0,1,4,1500,0,0,0
201812,999,22500, ,Florence  SC ,407,407,53101,3,6,404,1,3,187,25,445,38545,0,0,0,0,0,0,0,0,0,0,0,0
201812,999,22520, ,Florence-Muscle Shoals  AL ,205,205,24743,3,6,220,3,12,640,8,63,2605,69,69,8739,3,6,220,3,12,640,8,63,2605
201812,999,22540, ,Fond du Lac  WI ,47,47,10712,0,0,0,0,0,0,3,126,4573,1,1,285,0,0,0,0,0,0,0,0,0
201812,999,22660,C,Fort Collins  CO ,1675,1675,436759,27,54,8858,7,26,4079,48,1185,180087,1164,1164,322753,27,54,8858,7,26,4079,48,1185,180087
201812,999,22900, ,Fort Smith  AR-OK ,347,347,56937,59,118,14103,4,13,942,1,5,150,285,285,50288,50,100,13013,4,13,942,0,0,0
201812,999,23460, ,Gadsden  AL ,42,42,7551,1,2,600,0,0,0,1,5,431,41,41,7130,0,0,0,0,0,0,0,0,0
201812,999,24220, ,Grand Forks  ND-MN ,145,145,37839,3,6,1712,0,0,0,3,99,7431,4,4,1540,3,6,1712,0,0,0,0,0,0
201812,999,24260, ,Grand Island  NE ,63,63,11391,4,8,745,4,13,1176,2,11,860,0,0,0,0,0,0,0,0,0,0,0,0
201812,999,24300,C,Grand Junction  CO ,786,786,136757,4,8,938,0,0,0,0,0,0,786,786,136757,4,8,938,0,0,0,0,0,0
201812,999,24500,C,Great Falls  MT ,172,172,44362,2,4,703,0,0,0,1,12,968,172,172,44362,2,4,703,0,0,0,1,12,968
201812,999,25060, ,Gulfport-Biloxi-Pascagoula  MS ,1881,1881,330846,9,18,2638,10,34,3412,25,195,12459,1377,1377,257811,3,6,1348,0,0,0,11,88,3400
201812,999,25620, ,Hattiesburg  MS ,52,52,10938,0,0,0,0,0,0,0,0,0,52,52,10938,0,0,0,0,0,0,0,0,0
201812,999,25940, ,Hilton Head Island-Bluffton-Beaufort  SC ,726,726,248312,0,0,0,0,0,0,3,47,6739,368,368,86688,0,0,0,0,0,0,0,0,0
201812,999,26140, ,Homosassa Springs  FL ,427,427,92093,10,20,513,0,0,0,11,100,8104,0,0,0,0,0,0,0,0,0,0,0,0
201812,999,26380, ,Houma-Thibodaux  LA ,438,438,103647,11,22,1660,2,8,698,0,0,0,438,438,103647,11,22,1660,2,8,698,0,0,0
201812,999,27100, ,Jackson  MI ,10,10,1469,0,0,0,0,0,0,0,0,0,2,2,150,0,0,0,0,0,0,0,0,0
201812,999,27340,C,Jacksonville  NC ,1018,1018,151805,8,16,1253,0,0,0,0,0,0,814,814,118108,8,16,1253,0,0,0,0,0,0
201812,999,27980,C,Kahului-Wailuku-Lahaina  HI ,372,372,131905,14,28,9676,7,28,7256,33,410,91552,372,372,131905,14,28,9676,7,28,7256,33,410,91552
201812,999,28420,C,Kennewick-Richland  WA ,1579,1579,459134,43,86,11362,3,9,1510,18,330,33980,930,930,281724,19,38,6374,3,9,1510,10,290,29184
201812,999,28660,C,Killeen-Temple  TX ,2075,2075,378072,136,272,21349,0,0,0,6,118,9602,1927,1927,347117,119,238,18165,0,0,0,6,118,9602
201812,999,29100, ,La Crosse-Onalaska  WI-MN ,154,154,44359,14,28,3750,1,4,580,5,148,13014,153,153,44144,14,28,3750,1,4,580,5,148,13014
201812,999,29460, ,Lakeland-Winter Haven  FL ,4864,4864,997598,0,0,0,0,0,0,0,0,0,4795,4795,985037,0,0,0,0,0,0,0,0,0
201812,999,29540, ,Lancaster  PA ,128,128,23926,0,0,0,2,6,580,0,0,0,44,44,8671,0,0,0,0,0,0,0,0,0
201812,999,29700, ,Laredo  TX ,1117,1117,207213,12,24,1686,5,16,1026,18,240,23028,0,0,0,0,0,0,0,0,0,0,0,0
201812,999,30020, ,Lawton  OK ,54,54,10762,0,0,0,0,0,0,0,0,0,14,14,2170,0,0,0,0,0,0,0,0,0
201812,999,30300, ,Lewiston  ID-WA ,3,3,420,0,0,0,0,0,0,0,0,0,3,3,420,0,0,0,0,0,0,0,0,0
201812,999,30860, ,Logan  UT-ID ,201,201,41576,1,2,315,5,20,1710,1,51,3525,201,201,41576,1,2,315,5,20,1710,1,51,3525
201812,999,31340, ,Lynchburg  VA ,151,151,32749,1,2,350,2,6,1000,8,125,8694,122,122,26854,0,0,0,0,0,0,3,80,5794
201812,999,33540,C,Missoula  MT ,459,459,98812,16,32,4391,10,38,2836,8,160,14555,459,459,98812,16,32,4391,10,38,2836,8,160,14555
201812,999,33860, ,Montgomery  AL ,638,638,135413,0,0,0,0,0,0,0,0,0,638,638,135413,0,0,0,0,0,0,0,0,0
201812,999,36100, ,Ocala  FL ,2717,2717,424622,17,34,1910,17,57,2580,0,0,0,2717,2717,424622,17,34,1910,17,57,2580,0,0,0
201812,999,36980, ,Owensboro  KY ,231,231,23066,1,2,173,0,0,0,2,25,2800,231,231,23066,1,2,173,0,0,0,2,25,2800
201812,999,37340, ,Palm Bay-Melbourne-Titusville  FL ,2125,2125,709556,1,2,571,1,4,2810,10,376,51282,2125,2125,709556,1,2,571,1,4,2810,10,376,51282
201812,999,37460, ,Panama City  FL ,620,620,176789,20,40,5180,2,7,1080,8,80,10322,0,0,0,0,0,0,0,0,0,0,0,0
201812,999,38060,C,Phoenix-Mesa-Scottsdale  AZ ,23553,23553,6189662,234,468,48386,56,190,36331,222,7132,1059835,22961,22961,6024506,230,460,47271,56,190,36331,209,5503,771604
201812,999,38340, ,Pittsfield  MA ,8,8,4375,0,0,0,0,0,0,0,0,0,0,0,0,0,0,0,0,0,0,0,0,0
201812,999,38540, ,Pocatello  ID ,373,373,43962,1,2,162,7,28,1540,0,0,0,331,331,34922,1,2,162,7,28,1540,0,0,0
201812,999,39140, ,Prescott  AZ ,1315,1315,364647,26,52,7677,5,18,1731,18,309,32989,1315,1315,364647,26,52,7677,5,18,1731,18,309,32989
201812,999,40060, ,Richmond  VA ,4484,4484,875239,129,258,13422,32,121,14264,31,1184,91035,4027,4027,784932,129,258,13422,32,121,14264,30,1116,85175
201812,999,41100, ,St. George  UT ,1713,1713,335728,8,16,1288,27,97,8058,18,209,23145,1713,1713,335728,8,16,1288,27,97,8058,18,209,23145
201812,999,41500, ,Salinas  CA ,233,233,77225,2,4,682,4,14,3220,8,141,33553,230,230,76425,2,4,682,4,14,3220,7,134,32696
201812,999,41540, ,Salisbury  MD-DE ,3112,3112,458316,59,118,15044,24,92,8685,21,126,14621,3005,3005,436522,59,118,15044,24,92,8685,21,126,14621
201812,999,41660,C,San Angelo  TX ,262,262,56755,0,0,0,0,0,0,0,0,0,262,262,56755,0,0,0,0,0,0,0,0,0
201812,999,41700,C,San Antonio-New Braunfels  TX ,8028,8028,1702383,53,106,8998,9,30,1879,180,2524,233963,3799,3799,876202,10,20,1986,1,4,393,26,797,76751
201812,999,41740,C,San Diego-Carlsbad  CA ,3510,3510,1162710,73,146,26660,151,521,95806,281,5611,951385,3391,3391,1096626,69,138,25722,142,490,92508,263,5452,912861
201812,999,42020, ,San Luis Obispo-Paso Robles-Arroyo Grande  CA ,419,419,159284,0,0,0,5,15,3014,12,106,11153,0,0,0,0,0,0,0,0,0,0,0,0
201812,999,42200, ,Santa Maria-Santa Barbara  CA ,239,239,102819,1,2,700,0,0,0,9,103,13468,239,239,102819,1,2,700,0,0,0,9,103,13468
201812,999,42540, ,Scranton--Wilkes-Barre--Hazleton  PA ,80,80,10891,0,0,0,4,16,570,0,0,0,74,74,9685,0,0,0,4,16,570,0,0,0
201812,999,43100, ,Sheboygan  WI ,8,8,3140,0,0,0,0,0,0,0,0,0,8,8,3140,0,0,0,0,0,0,0,0,0
201812,999,43340, ,Shreveport-Bossier City  LA ,1065,1065,228086,0,0,0,0,0,0,0,0,0,764,764,151322,0,0,0,0,0,0,0,0,0
201812,999,43420, ,Sierra Vista-Douglas  AZ ,210,210,37866,0,0,0,0,0,0,3,15,1448,208,208,37707,0,0,0,0,0,0,0,0,0
201812,999,43620, ,Sioux Falls  SD ,1306,1306,272587,6,12,1522,12,46,4511,49,938,94100,1291,1291,270234,3,6,844,12,46,4511,49,938,94100
201812,999,44940, ,Sumter  SC ,269,269,34969,0,0,0,0,0,0,0,0,0,0,0,0,0,0,0,0,0,0,0,0,0
201812,999,45300,C,Tampa-St. Petersburg-Clearwater  FL ,14208,14208,4067201,35,70,9876,22,72,9338,91,2869,375253,14101,14101,4039051,32,64,9036,22,72,9338,81,2815,360378
201812,999,45460, ,Terre Haute  IN ,41,41,5238,9,18,1370,0,0,0,2,32,2686,11,11,937,5,10,632,0,0,0,0,0,0
201812,999,45500, ,Texarkana  TX-AR ,36,36,7448,0,0,0,0,0,0,0,0,0,0,0,0,0,0,0,0,0,0,0,0,0
201812,999,45820, ,Topeka  KS ,274,274,58114,0,0,0,0,0,0,0,0,0,274,274,58114,0,0,0,0,0,0,0,0,0
201812,999,46220, ,Tuscaloosa  AL ,464,464,126548,6,12,2850,11,40,5969,23,417,78360,112,112,29920,0,0,0,0,0,0,0,0,0
201812,999,46300, ,Twin Falls  ID ,430,430,87377,10,20,2531,5,20,1825,0,0,0,430,430,87377,10,20,2531,5,20,1825,0,0,0
201812,999,46520,C,Urban Honolulu  HI ,1066,1066,379683,0,0,0,0,0,0,7,855,170911,1066,1066,379683,0,0,0,0,0,0,7,855,170911
201812,999,46540, ,Utica-Rome  NY ,11,11,1821,0,0,0,0,0,0,0,0,0,6,6,1245,0,0,0,0,0,0,0,0,0
201812,999,46660, ,Valdosta  GA ,942,942,173248,1,2,133,0,0,0,0,0,0,417,417,84752,0,0,0,0,0,0,0,0,0
201812,999,47380, ,Waco  TX ,549,549,123944,14,28,2640,2,6,536,2,14,959,2,2,136,0,0,0,0,0,0,0,0,0
201812,999,47460, ,Walla Walla  WA ,179,179,46545,0,0,0,0,0,0,0,0,0,169,169,45545,0,0,0,0,0,0,0,0,0
201812,999,47940, ,Waterloo-Cedar Falls  IA ,106,106,27889,0,0,0,0,0,0,1,5,400,106,106,27889,0,0,0,0,0,0,1,5,400
201812,999,48060, ,Watertown-Fort Drum  NY ,136,136,14326,0,0,0,0,0,0,0,0,0,134,134,14262,0,0,0,0,0,0,0,0,0
201812,999,48300, ,Wenatchee  WA ,516,516,115246,5,10,1530,0,0,0,6,151,12801,224,224,61243,5,10,1530,0,0,0,6,151,12801
201812,999,48540, ,Wheeling  WV-OH ,0,0,0,0,0,0,0,0,0,1,100,12500,0,0,0,0,0,0,0,0,0,1,100,12500
201812,999,48660, ,Wichita Falls  TX ,1,1,300,3,6,220,0,0,0,0,0,0,1,1,300,3,6,220,0,0,0,0,0,0
201812,999,48900, ,Wilmington  NC ,1257,1257,417682,3,6,357,5,20,1956,16,529,77749,0,0,0,0,0,0,0,0,0,0,0,0
201812,999,49420, ,Yakima  WA ,376,376,90289,6,12,2157,5,16,2613,2,15,1609,376,376,90289,6,12,2157,5,16,2613,2,15,1609
201812,999,49740, ,Yuma  AZ ,996,996,158139,2,4,262,0,0,0,0,0,0,996,996,158139,2,4,262,0,0,0,0,0,0
