Survey,CSA,CBSA,MONCOV,CBSA,,1-unit,,,2-units,,,3-4 units,,,5+ units,,,1-unit rep,,,2-units rep,,,3-4 units rep,,,5+ units rep
Date,Code,Code,,Name,Bldgs,Units,Value,Bldgs,Units,Value,Bldgs,Units,Value,Bldgs,Units,Value,Bldgs,Units,Value,Bldgs,Units,Value,      Bldgs,Units,Value,Bldgs,Units,Value
 
201912,104,10580,C,Albany-Schenectady-Troy  NY ,1122,1122,310019,19,38,7244,13,49,6674,53,715,66610,695,695,184561,6,12,1222,8,30,3894,23,276,25356
201912,104,24020, ,Glens Falls  NY ,219,219,55598,0,0,0,2,6,746,1,6,781,140,140,36024,0,0,0,2,6,746,1,6,781
201912,106,10740,C,Albuquerque  NM ,1872,1872,446893,1,2,283,4,12,1296,14,262,23162,1195,1195,296615,0,0,0,0,0,0,2,188,20079
201912,106,42140,C,Santa Fe  NM ,344,344,78685,0,0,0,0,0,0,8,245,30037,344,344,78685,0,0,0,0,0,0,8,245,30037
201912,107,11020, ,Altoona  PA ,13,13,1547,0,0,0,0,0,0,0,0,0,0,0,0,0,0,0,0,0,0,0,0,0
201912,108,11100, ,Amarillo  TX ,446,446,108148,13,26,3415,0,0,0,0,0,0,446,446,108148,13,26,3415,0,0,0,0,0,0
201912,118,11540, ,Appleton  WI ,338,338,100092,17,34,5473,0,0,0,1,33,4500,338,338,100092,17,34,5473,0,0,0,1,33,4500
201912,118,36780, ,Oshkosh-Neenah  WI ,178,178,49027,8,16,2345,0,0,0,9,72,5760,178,178,49027,8,16,2345,0,0,0,9,72,5760
201912,120,11700, ,Asheville  NC ,1976,1976,569055,0,0,0,0,0,0,46,702,72103,541,541,146053,0,0,0,0,0,0,6,78,8536
201912,122,12020, ,Athens-Clarke County  GA ,753,753,167977,41,82,10221,16,55,5331,69,633,72609,753,753,167977,41,82,10221,16,55,5331,69,633,72609
201912,122,12060, ,Atlanta-Sandy Springs-Alpharetta  GA ,26166,26166,5938703,21,42,7032,33,115,21676,169,6406,806901,23844,23844,5403412,21,42,7032,31,107,21236,133,5474,710796
201912,122,23580, ,Gainesville  GA ,739,739,166524,9,18,1835,5,20,2557,16,319,35284,176,176,32070,9,18,1835,5,20,2557,16,319,35284
201912,122,40660,C,Rome  GA ,263,263,40868,0,0,0,0,0,0,0,0,0,263,263,40868,0,0,0,0,0,0,0,0,0
201912,140,13460,C,Bend  OR ,1488,1488,387044,37,74,10432,2,8,862,24,458,52080,1488,1488,387044,37,74,10432,2,8,862,24,458,52080
201912,142,13820,C,Birmingham-Hoover  AL ,2884,2884,774002,9,18,2226,2,7,455,11,110,11282,1915,1915,543123,0,0,0,2,7,455,2,10,1198
201912,144,14020,C,Bloomington  IN ,247,247,65250,12,24,3299,0,0,0,10,352,40838,30,30,8024,0,0,0,0,0,0,0,0,0
201912,145,14010, ,Bloomington  IL ,77,77,10895,5,10,645,0,0,0,8,65,4552,77,77,10895,5,10,645,0,0,0,8,65,4552
201912,146,14100,C,Bloomsburg-Berwick  PA ,94,94,23833,10,20,2670,0,0,0,1,9,1186,66,66,17344,9,18,2420,0,0,0,0,0,0
201912,147,14260,C,Boise City  ID ,7594,7594,1736134,38,76,8285,59,229,22386,156,2760,307191,6255,6255,1405383,36,72,7995,57,222,21704,156,2760,307191
201912,148,12700, ,Barnstable Town  MA ,56,56,26793,0,0,0,1,3,499,0,0,0,56,56,26793,0,0,0,1,3,499,0,0,0
201912,148,14460,C,Boston-Cambridge-Newton  MA-NH ,4323,4323,1334750,237,474,89142,116,386,76356,680,9594,1332168,2570,2570,853844,151,302,57555,93,313,63495,166,5180,875495
201912,148,31700, ,Manchester-Nashua  NH ,316,316,71777,19,38,6769,2,6,1034,4,157,19814,194,194,46219,18,36,6517,2,6,1034,1,133,17300
201912,148,39300,C,Providence-Warwick  RI-MA ,1596,1596,378975,92,184,18041,25,93,8304,13,175,13275,1146,1146,291108,71,142,13801,22,83,7204,9,153,10854
201912,148,49340, ,Worcester  MA-CT ,179,179,42547,3,6,603,1,3,600,6,46,824,83,83,21170,0,0,0,0,0,0,0,0,0
201912,150,14540, ,Bowling Green  KY ,577,577,136782,21,42,3446,8,32,3455,15,94,8025,577,577,136782,21,42,3446,8,32,3455,15,94,8025
201912,154,15180, ,Brownsville-Harlingen  TX ,978,978,100275,4,8,492,1,3,121,1,8,386,701,701,72857,0,0,0,0,0,0,0,0,0
201912,160,15380,C,Buffalo-Cheektowaga  NY ,940,940,288487,5,10,2050,9,34,6856,71,737,114328,879,879,277244,4,8,1761,9,34,6856,56,475,55588
201912,162,15540, ,Burlington-South Burlington  VT ,251,251,71199,20,40,6422,1,3,373,10,215,21049,175,175,48578,15,30,4426,1,3,373,6,105,7950
201912,163,15980,C,Cape Coral-Fort Myers  FL ,5628,5628,1217171,191,382,51721,36,144,35032,89,2946,420147,5628,5628,1217171,191,382,51721,36,144,35032,89,2946,420147
201912,163,34940, ,Naples-Marco Island  FL ,3075,3075,726318,3,6,775,27,108,23990,43,568,87260,3075,3075,726318,3,6,775,27,108,23990,43,568,87260
201912,164,16020, ,Cape Girardeau  MO-IL ,1,1,40,0,0,0,0,0,0,0,0,0,1,1,40,0,0,0,0,0,0,0,0,0
201912,168,16300, ,Cedar Rapids  IA ,347,347,55532,36,72,9799,2,7,970,6,184,19193,347,347,55532,36,72,9799,2,7,970,6,184,19193
201912,168,26980, ,Iowa City  IA ,209,209,56507,3,6,884,8,32,5522,16,557,95396,191,191,54028,3,6,884,8,32,5522,16,557,95396
201912,170,16620, ,Charleston  WV ,149,149,13627,3,6,1112,1,3,203,2,10,632,145,145,13212,3,6,1112,1,3,203,2,10,632
201912,170,26580, ,Huntington-Ashland  WV-KY-OH ,148,148,27826,3,6,833,3,10,1398,2,52,6396,71,71,16614,0,0,0,1,4,1000,1,47,5945
201912,172,16740, ,Charlotte-Concord-Gastonia  NC-SC ,15007,15007,3931332,20,40,4888,25,88,12348,228,8158,812649,12844,12844,3180286,20,40,4888,23,82,11140,208,7874,776107
201912,174,16860, ,Chattanooga  TN-GA ,1529,1529,327495,51,102,8585,7,26,2025,32,616,61037,969,969,209061,17,34,3754,2,7,923,1,7,766
201912,174,17420, ,Cleveland  TN ,354,354,60473,10,20,1906,13,46,3761,1,78,6546,156,156,24809,10,20,1906,13,46,3761,1,78,6546
201912,176,16980, ,Chicago-Naperville-Elgin  IL-IN-WI ,7582,7582,2146474,197,394,68351,225,747,144722,269,9298,990067,6365,6365,1824255,169,338,60286,224,743,144177,198,8548,914216
201912,176,28100, ,Kankakee  IL ,27,27,7900,0,0,0,0,0,0,0,0,0,27,27,7900,0,0,0,0,0,0,0,0,0
201912,176,33140, ,Michigan City-La Porte  IN ,111,111,26864,0,0,0,0,0,0,0,0,0,111,111,26864,0,0,0,0,0,0,0,0,0
201912,178,17140, ,Cincinnati  OH-KY-IN ,4452,4452,1148869,14,28,3805,14,54,10292,47,1516,187078,3527,3527,927132,14,28,3805,14,54,10292,37,1443,182390
201912,184,10420, ,Akron  OH ,519,519,268479,1,2,300,0,0,0,0,0,0,519,519,268479,1,2,300,0,0,0,0,0,0
201912,184,15940, ,Canton-Massillon  OH ,412,412,104270,7,14,2229,7,22,1128,18,110,8194,366,366,98902,7,14,2229,0,0,0,6,48,3432
201912,184,17460, ,Cleveland-Elyria  OH ,2522,2522,715120,24,48,4713,31,112,12167,16,298,30553,1986,1986,607388,14,28,3504,28,103,11544,14,131,18253
201912,190,17860, ,Columbia  MO ,627,627,171554,2,4,372,0,0,0,4,162,22927,624,624,170914,2,4,372,0,0,0,4,162,22927
201912,192,17900,C,Columbia  SC ,4205,4205,923333,5,10,1347,0,0,0,16,225,38133,3913,3913,859739,5,10,1347,0,0,0,9,144,29255
201912,194,12220,C,Auburn-Opelika  AL ,1129,1129,299407,33,66,8717,16,55,7745,16,841,165568,1129,1129,299407,33,66,8717,16,55,7745,16,841,165568
201912,194,17980, ,Columbus  GA-AL ,680,680,135738,1,2,144,2,8,254,12,380,53938,280,280,65148,1,2,144,0,0,0,0,0,0
201912,198,18140, ,Columbus  OH ,4142,4142,1236108,34,68,11210,38,148,18241,164,4069,370209,3588,3588,1089285,31,62,9910,36,142,17722,153,3974,361945
201912,204,18580, ,Corpus Christi  TX ,1058,1058,182477,3,6,480,1,4,554,0,0,0,0,0,0,0,0,0,0,0,0,0,0,0
201912,206,19100, ,Dallas-Fort Worth-Arlington  TX ,35149,35149,9249434,192,384,49845,79,293,44758,600,26737,3361825,24311,24311,6651741,139,278,36342,59,219,36093,429,20179,2672481
201912,209,19340, ,Davenport-Moline-Rock Island  IA-IL ,400,400,89958,0,0,0,0,0,0,9,206,21524,317,317,71378,0,0,0,0,0,0,9,206,21524
201912,212,19430, ,Dayton-Kettering  OH ,984,984,332386,2,4,311,1,4,571,10,122,24298,665,665,262574,0,0,0,1,4,571,10,122,24298
201912,212,44220, ,Springfield  OH ,70,70,17381,0,0,0,0,0,0,1,6,465,70,70,17381,0,0,0,0,0,0,1,6,465
201912,216,14500, ,Boulder  CO ,658,658,258511,0,0,0,0,0,0,43,906,137637,658,658,258511,0,0,0,0,0,0,43,906,137637
201912,216,19740,C,Denver-Aurora-Lakewood  CO ,11051,11051,3187775,43,86,14044,31,104,17812,128,8037,1082829,9101,9101,2646338,38,76,12866,27,92,16416,117,7741,1044148
201912,216,24540, ,Greeley  CO ,2907,2907,791155,2,4,740,13,48,9143,46,938,113642,1265,1265,332471,2,4,740,6,22,4942,33,839,97020
201912,218,11180, ,Ames  IA ,66,66,21562,0,0,0,1,3,440,8,272,19904,66,66,21562,0,0,0,1,3,440,8,272,19904
201912,218,19780, ,Des Moines-West Des Moines  IA ,3839,3839,1048823,15,30,6136,2,8,1316,35,1312,163955,3801,3801,1039103,15,30,6136,2,8,1316,29,1282,161192
201912,220,11460, ,Ann Arbor  MI ,331,331,89435,0,0,0,4,12,2421,15,123,15270,218,218,56936,0,0,0,1,3,805,10,93,12258
201912,220,19820, ,Detroit-Warren-Dearborn  MI ,5222,5222,1506273,28,56,8394,47,170,26013,138,1953,280237,4276,4276,1260476,28,56,8394,37,137,23390,97,1703,234415
201912,220,22420, ,Flint  MI ,264,264,71036,1,2,520,28,104,21293,1,23,2577,200,200,52519,1,2,520,1,4,607,1,23,2577
201912,220,33780, ,Monroe  MI ,7,7,1360,0,0,0,1,4,340,0,0,0,7,7,1360,0,0,0,1,4,340,0,0,0
201912,222,20020, ,Dothan  AL ,219,219,53437,0,0,0,1,4,480,3,48,4832,194,194,48222,0,0,0,1,4,480,3,48,4832
201912,232,20740, ,Eau Claire  WI ,434,434,105604,58,116,14537,0,0,0,16,157,14120,264,264,65628,47,94,12104,0,0,0,16,157,14120
201912,236,21300, ,Elmira  NY ,2,2,400,0,0,0,0,0,0,0,0,0,2,2,400,0,0,0,0,0,0,0,0,0
201912,238,21340,C,El Paso  TX ,2206,2206,511054,58,116,14111,60,237,30499,27,325,52931,555,555,112852,8,16,1137,51,204,26200,0,0,0
201912,238,29740,C,Las Cruces  NM ,873,873,219996,3,6,640,0,0,0,4,96,9585,706,706,169887,3,6,640,0,0,0,4,96,9585
201912,240,21500, ,Erie  PA ,41,41,12126,1,2,250,0,0,0,2,14,970,38,38,11708,1,2,250,0,0,0,2,14,970
201912,244,22020, ,Fargo  ND-MN ,922,922,226171,0,0,0,2,8,1440,5,478,58489,859,859,207858,0,0,0,2,8,1440,5,478,58489
201912,246,22180, ,Fayetteville  NC ,1500,1500,247917,5,10,1596,0,0,0,11,282,18754,908,908,175749,5,10,1596,0,0,0,11,282,18754
201912,258,23060,C,Fort Wayne  IN ,1330,1330,353860,9,18,485,9,27,1246,23,581,62889,1330,1330,353860,9,18,485,9,27,1246,23,581,62889
201912,260,23420,C,Fresno  CA ,2209,2209,677594,35,70,12531,72,219,14075,85,772,100463,1004,1004,277765,0,0,0,69,210,13702,23,284,41103
201912,260,31460, ,Madera  CA ,633,633,161220,0,0,0,0,0,0,0,0,0,633,633,161220,0,0,0,0,0,0,0,0,0
201912,264,23540, ,Gainesville  FL ,579,579,153256,2,4,901,0,0,0,23,1543,105494,450,450,135982,2,4,901,0,0,0,11,458,68550
201912,266,24340, ,Grand Rapids-Kentwood  MI ,1561,1561,409754,22,44,7859,16,58,6662,59,1211,114476,1265,1265,341623,20,40,7070,15,55,6572,41,856,78935
201912,266,34740, ,Muskegon  MI ,43,43,8565,0,0,0,0,0,0,0,0,0,0,0,0,0,0,0,0,0,0,0,0,0
201912,267,24580, ,Green Bay  WI ,632,632,190851,5,10,1491,0,0,0,34,369,31079,396,396,114841,2,4,620,0,0,0,19,237,20745
201912,268,15500, ,Burlington  NC ,574,574,108110,0,0,0,0,0,0,2,66,2069,574,574,108110,0,0,0,0,0,0,2,66,2069
201912,268,24660,C,Greensboro-High Point  NC ,2002,2002,482488,6,12,1147,0,0,0,20,409,47647,2002,2002,482488,6,12,1147,0,0,0,20,409,47647
201912,268,49180, ,Winston-Salem  NC ,2217,2217,403473,0,0,0,0,0,0,4,85,3966,0,0,0,0,0,0,0,0,0,0,0,0
201912,272,24780, ,Greenville  NC ,301,301,57636,44,88,11219,0,0,0,9,317,38761,301,301,57636,44,88,11219,0,0,0,9,317,38761
201912,273,24860, ,Greenville-Anderson  SC ,5384,5384,1320697,48,96,8978,1,3,390,63,1058,107440,5177,5177,1283519,44,88,7965,0,0,0,56,972,96934
201912,273,43900, ,Spartanburg  SC ,2596,2596,425101,0,0,0,0,0,0,0,0,0,2596,2596,425101,0,0,0,0,0,0,0,0,0
201912,276,23900,C,Gettysburg  PA ,220,220,67925,0,0,0,0,0,0,0,0,0,220,220,67925,0,0,0,0,0,0,0,0,0
201912,276,25420,C,Harrisburg-Carlisle  PA ,1151,1151,249518,11,22,3325,30,104,16637,50,732,87899,992,992,212677,11,22,3325,30,104,16637,46,684,84899
201912,276,30140, ,Lebanon  PA ,212,212,39620,0,0,0,0,0,0,0,0,0,0,0,0,0,0,0,0,0,0,0,0,0
201912,276,49620, ,York-Hanover  PA ,98,98,26244,1,2,192,2,8,816,2,37,1750,83,83,22305,1,2,192,2,8,816,2,37,1750
201912,277,25500,C,Harrisonburg  VA ,361,361,106897,0,0,0,0,0,0,0,0,0,361,361,106897,0,0,0,0,0,0,0,0,0
201912,277,44420, ,Staunton  VA ,174,174,40221,0,0,0,3,12,970,5,204,22026,174,174,40221,0,0,0,3,12,970,5,204,22026
201912,278,25540,C,Hartford-East Hartford-Middletown  CT ,855,855,171600,20,40,4405,12,44,4921,68,459,38057,648,648,122246,15,30,3518,12,44,4921,17,143,10599
201912,278,35980, ,Norwich-New London  CT ,120,120,28188,3,6,600,1,4,45,7,114,14044,84,84,22229,3,6,600,1,4,45,7,114,14044
201912,279,25620, ,Hattiesburg  MS ,39,39,9426,2,4,288,10,40,6155,0,0,0,39,39,9426,2,4,288,10,40,6155,0,0,0
201912,284,26300, ,Hot Springs  AR ,47,47,11836,5,10,1342,0,0,0,5,60,7200,47,47,11836,5,10,1342,0,0,0,5,60,7200
201912,288,26420, ,Houston-The Woodlands-Sugar Land  TX ,39821,39821,7119885,154,308,34572,15,58,4636,522,21583,2378703,30519,30519,6544941,149,298,33923,15,58,4636,488,21376,2365196
201912,290,19460, ,Decatur  AL ,169,169,31174,0,0,0,0,0,0,0,0,0,65,65,12746,0,0,0,0,0,0,0,0,0
201912,290,26620,C,Huntsville  AL ,3350,3350,506284,1,2,140,20,80,6800,17,85,2190,2311,2311,312812,1,2,140,20,80,6800,17,85,2190
201912,292,26820, ,Idaho Falls  ID ,1034,1034,175995,0,0,0,13,52,4080,1,6,581,1034,1034,175995,0,0,0,13,52,4080,1,6,581
201912,294,18020, ,Columbus  IN ,189,189,44516,0,0,0,0,0,0,0,0,0,189,189,44516,0,0,0,0,0,0,0,0,0
201912,294,26900, ,Indianapolis-Carmel-Anderson  IN ,6839,6839,2007806,56,112,17646,15,59,12131,82,2243,288294,6315,6315,1882821,50,100,15956,15,59,12131,80,2198,287364
201912,294,34620, ,Muncie  IN ,23,23,2287,0,0,0,0,0,0,0,0,0,23,23,2287,0,0,0,0,0,0,0,0,0
201912,296,27060, ,Ithaca  NY ,15,15,4442,8,16,1896,0,0,0,13,77,9242,9,9,2905,0,0,0,0,0,0,0,0,0
201912,297,27180, ,Jackson  TN ,156,156,34172,0,0,0,0,0,0,0,0,0,156,156,34172,0,0,0,0,0,0,0,0,0
201912,298,27140, ,Jackson  MS ,961,961,249193,0,0,0,0,0,0,10,220,23104,941,941,245467,0,0,0,0,0,0,0,0,0
201912,300,27260,C,Jacksonville  FL ,11311,11311,2722194,27,54,7524,16,63,10307,83,3440,370652,9817,9817,2352956,27,54,7524,16,63,10307,77,3346,359271
201912,304,27740, ,Johnson City  TN ,135,135,27940,4,8,393,0,0,0,7,88,8827,0,0,0,0,0,0,0,0,0,0,0,0
201912,304,28700, ,Kingsport-Bristol  TN-VA ,20,20,4623,3,6,280,0,0,0,0,0,0,20,20,4623,3,6,280,0,0,0,0,0,0
201912,306,27780, ,Johnstown  PA ,4,4,950,0,0,0,0,0,0,0,0,0,4,4,950,0,0,0,0,0,0,0,0,0
201912,308,27860, ,Jonesboro  AR ,487,487,73985,31,62,4249,33,121,6245,13,81,4661,86,86,11377,1,2,115,0,0,0,0,0,0
201912,309,27900, ,Joplin  MO ,202,202,32663,15,30,3190,3,12,893,2,10,366,202,202,32663,15,30,3190,3,12,893,2,10,366
201912,310,12980, ,Battle Creek  MI ,3,3,629,0,0,0,0,0,0,0,0,0,3,3,629,0,0,0,0,0,0,0,0,0
201912,310,28020, ,Kalamazoo-Portage  MI ,101,101,30413,0,0,0,0,0,0,0,0,0,101,101,30413,0,0,0,0,0,0,0,0,0
201912,312,28140, ,Kansas City  MO-KS ,4797,4797,1339743,173,346,42687,69,259,43235,93,3899,451939,4330,4330,1206379,166,332,41331,68,255,42619,87,3863,447758
201912,312,29940, ,Lawrence  KS ,174,174,45574,0,0,0,4,14,1948,6,185,20270,174,174,45574,0,0,0,4,14,1948,6,185,20270
201912,312,41140, ,St. Joseph  MO-KS ,0,0,0,0,0,0,0,0,0,0,0,0,0,0,0,0,0,0,0,0,0,0,0,0
201912,313,28420,C,Kennewick-Richland  WA ,1668,1668,469254,30,60,8646,7,28,4302,26,708,83247,840,840,241359,16,32,5209,7,28,4302,23,663,78835
201912,313,47460, ,Walla Walla  WA ,111,111,32616,3,6,980,0,0,0,0,0,0,101,101,31616,3,6,980,0,0,0,0,0,0
201912,315,28940, ,Knoxville  TN ,2613,2613,564234,2,4,900,1,4,400,22,954,140479,1996,1996,431600,2,4,900,1,4,400,22,954,140479
201912,316,29020, ,Kokomo  IN ,69,69,12433,0,0,0,0,0,0,6,152,14180,69,69,12433,0,0,0,0,0,0,6,152,14180
201912,318,29180, ,Lafayette  LA ,1619,1619,348148,0,0,0,0,0,0,1,24,3100,643,643,129037,0,0,0,0,0,0,0,0,0
201912,320,29200, ,Lafayette-West Lafayette  IN ,449,449,113271,6,12,1743,0,0,0,34,836,84041,403,403,107043,6,12,1743,0,0,0,9,510,60935
201912,324,29340, ,Lake Charles  LA ,839,839,149168,32,64,4170,1,4,264,7,220,22828,445,445,73240,32,64,4170,1,4,264,7,220,22828
201912,332,29820,C,Las Vegas-Henderson-Paradise  NV ,9361,9361,2136732,17,34,6345,67,210,30192,103,3109,312995,9361,9361,2136732,17,34,6345,67,210,30192,103,3109,312995
201912,336,30460,C,Lexington-Fayette  KY ,1314,1314,294551,24,48,6695,7,22,3955,42,1503,153808,752,752,188027,4,8,848,2,7,1825,26,1380,145464
201912,338,30620, ,Lima  OH ,4,4,1153,1,2,40,0,0,0,0,0,0,4,4,1153,0,0,0,0,0,0,0,0,0
201912,339,30700, ,Lincoln  NE ,967,967,218813,13,26,3721,0,0,0,19,838,93971,6,6,1800,0,0,0,0,0,0,0,0,0
201912,340,30780, ,Little Rock-North Little Rock-Conway  AR ,1871,1871,366066,15,30,2194,6,24,1725,26,1030,85261,1473,1473,298663,6,12,829,6,24,1725,14,929,82498
201912,340,38220, ,Pine Bluff  AR ,18,18,2679,0,0,0,0,0,0,0,0,0,10,10,1354,0,0,0,0,0,0,0,0,0
201912,348,31080,C,Los Angeles-Long Beach-Anaheim  CA ,9236,9236,2959167,838,1676,330564,109,369,74973,534,18646,3461112,7850,7850,2442796,785,1570,301574,71,243,51936,476,17746,3306748
201912,348,37100, ,Oxnard-Thousand Oaks-Ventura  CA ,126,126,36586,16,32,8673,9,27,7257,39,472,55139,112,112,33872,15,30,8468,9,27,7257,27,231,23698
201912,348,40140, ,Riverside-San Bernardino-Ontario  CA ,10403,10403,2805989,61,122,24864,45,164,27994,206,3344,414749,9296,9296,2524489,55,110,22429,24,84,15389,141,2296,309224
201912,350,21060, ,Elizabethtown-Fort Knox  KY ,425,425,85088,21,42,5640,0,0,0,4,24,1440,425,425,85088,21,42,5640,0,0,0,4,24,1440
201912,350,31140, ,Louisville-Jefferson County  KY-IN ,3111,3111,857410,15,30,3487,11,40,4706,105,2574,248389,1720,1720,443827,8,16,1895,10,37,4372,14,381,35054
201912,352,31180, ,Lubbock  TX ,1508,1508,341266,78,156,18202,0,0,0,63,589,40524,1498,1498,339536,78,156,18202,0,0,0,63,589,40524
201912,356,31420, ,Macon-Bibb County  GA ,290,290,45828,0,0,0,0,0,0,0,0,0,158,158,22489,0,0,0,0,0,0,0,0,0
201912,356,47580, ,Warner Robins  GA ,996,996,197991,0,0,0,0,0,0,8,180,15703,996,996,197991,0,0,0,0,0,0,8,180,15703
201912,357,27500, ,Janesville-Beloit  WI ,170,170,41786,6,12,1915,0,0,0,8,208,26925,170,170,41786,6,12,1915,0,0,0,8,208,26925
201912,357,31540, ,Madison  WI ,1548,1548,518724,52,104,20738,15,49,8642,59,2035,289158,1358,1358,460340,44,88,17466,7,24,4850,35,1585,235132
201912,359,31860, ,Mankato  MN ,90,90,19585,2,4,990,0,0,0,1,45,8607,89,89,19380,2,4,990,0,0,0,1,45,8607
201912,365,32580,C,McAllen-Edinburg-Mission  TX ,3383,3383,551388,156,312,80174,186,742,59494,40,925,70991,3130,3130,528618,150,300,79322,186,742,59494,40,925,70991
201912,366,32780, ,Medford  OR ,500,500,128666,6,12,1764,4,16,1914,10,132,14819,500,500,128666,6,12,1764,4,16,1914,10,132,14819
201912,368,32820, ,Memphis  TN-MS-AR ,3309,3309,723447,0,0,0,3,12,1611,8,343,50227,3022,3022,663859,0,0,0,3,12,1611,8,343,50227
201912,370,33100, ,Miami-Fort Lauderdale-Pompano Beach  FL ,7190,7190,2602454,195,390,64675,26,97,20003,277,13307,2462633,6127,6127,2219488,194,388,64525,26,97,20003,236,12267,2359083
201912,370,38940, ,Port St. Lucie  FL ,2944,2944,665342,88,176,21789,5,20,3378,16,256,38366,2933,2933,664492,88,176,21789,5,20,3378,16,256,38366
201912,370,42680, ,Sebastian-Vero Beach  FL ,1143,1143,451305,3,6,1146,30,91,10180,0,0,0,1143,1143,451305,3,6,1146,30,91,10180,0,0,0
201912,372,33260, ,Midland  TX ,1290,1290,209964,0,0,0,0,0,0,0,0,0,1290,1290,209964,0,0,0,0,0,0,0,0,0
201912,372,36220,C,Odessa  TX ,743,743,172628,2,4,600,0,0,0,35,1035,123951,743,743,172628,2,4,600,0,0,0,35,1035,123951
201912,376,33340,C,Milwaukee-Waukesha  WI ,1520,1520,561816,92,184,35913,5,19,4238,22,580,64688,1196,1196,434515,84,168,32670,5,19,4238,15,521,57212
201912,376,39540, ,Racine  WI ,151,151,47214,5,10,2071,0,0,0,7,84,13561,151,151,47214,5,10,2071,0,0,0,7,84,13561
201912,378,33460, ,Minneapolis-St. Paul-Bloomington  MN-WI ,9513,9513,2900667,62,124,24538,26,96,23439,155,12733,1993657,8985,8985,2731954,59,118,23116,24,89,22113,134,12277,1940743
201912,378,41060, ,St. Cloud  MN ,5,5,1385,0,0,0,0,0,0,0,0,0,5,5,1385,0,0,0,0,0,0,0,0,0
201912,380,19300, ,Daphne-Fairhope-Foley  AL ,2158,2158,455667,20,40,5452,6,22,2575,18,467,51407,1839,1839,402016,20,40,5452,6,22,2575,4,202,30852
201912,380,33660, ,Mobile  AL ,712,712,160632,0,0,0,1,3,338,0,0,0,645,645,148192,0,0,0,0,0,0,0,0,0
201912,384,33740, ,Monroe  LA ,315,315,71997,4,8,293,10,32,5031,22,110,12523,232,232,54999,0,0,0,0,0,0,12,60,6735
201912,388,33860, ,Montgomery  AL ,748,748,160037,0,0,0,2,6,800,0,0,0,748,748,160037,0,0,0,2,6,800,0,0,0
201912,390,34060, ,Morgantown  WV ,11,11,2098,0,0,0,0,0,0,2,14,2285,10,10,1898,0,0,0,0,0,0,2,14,2285
201912,396,34820, ,Myrtle Beach-Conway-North Myrtle Beach  SC-NC ,6077,6077,1156437,33,66,9989,1,4,602,17,293,31412,3926,3926,607178,25,50,5989,1,4,602,0,0,0
201912,400,34980, ,Nashville-Davidson--Murfreesboro--Franklin  TN ,13432,13432,3519024,16,32,4366,17,57,7894,173,8324,801835,13237,13237,3469230,16,32,4366,17,57,7894,173,8324,801835
201912,406,25220, ,Hammond  LA ,816,816,156437,3,6,750,0,0,0,0,0,0,0,0,0,0,0,0,0,0,0,0,0,0
201912,406,35380, ,New Orleans-Metairie  LA ,3178,3178,697584,124,248,26726,3,9,1817,12,522,97140,2495,2495,537665,9,18,1623,1,3,373,0,0,0
201912,408,14860,C,Bridgeport-Stamford-Norwalk  CT ,625,625,399523,20,40,7169,6,20,3862,31,1641,402856,364,364,172955,9,18,4697,5,17,3620,22,1586,369245
201912,408,20700, ,East Stroudsburg  PA ,88,88,26007,0,0,0,0,0,0,0,0,0,56,56,17553,0,0,0,0,0,0,0,0,0
201912,408,28740, ,Kingston  NY ,48,48,10283,2,4,390,0,0,0,25,145,26805,34,34,7324,2,4,390,0,0,0,12,72,9000
201912,408,35300, ,New Haven-Milford  CT ,221,221,36361,26,52,4981,8,26,2554,22,793,83604,171,171,27733,26,52,4981,8,26,2554,6,626,72774
201912,408,35620,C,New York-Newark-Jersey City  NY-NJ-PA ,11448,11448,2910983,902,1804,238339,402,1315,146150,1403,46179,5234877,9649,9649,2426184,800,1600,214351,264,855,113266,1042,39649,4626210
201912,408,39100, ,Poughkeepsie-Newburgh-Middletown  NY ,235,235,74533,6,12,2174,5,16,3717,29,740,90964,170,170,58887,2,4,320,2,7,1750,15,429,56121
201912,408,45940,C,Trenton-Princeton  NJ ,181,181,32190,1,2,32,15,53,4409,29,302,16009,150,150,25104,1,2,32,6,21,2210,10,130,6789
201912,412,35840,C,North Port-Sarasota-Bradenton  FL ,6487,6487,1611796,11,22,5382,51,194,57398,108,3251,357556,6482,6482,1611058,11,22,5382,51,194,57398,108,3251,357556
201912,412,39460, ,Punta Gorda  FL ,1994,1994,567455,66,132,20570,1,4,1256,5,114,15597,1994,1994,567455,66,132,20570,1,4,1256,5,114,15597
201912,416,36420,C,Oklahoma City  OK ,5895,5895,1351316,167,334,35898,9,34,3822,6,265,36100,1721,1721,463653,95,190,18034,8,31,3209,4,250,34600
201912,420,36540, ,Omaha-Council Bluffs  NE-IA ,2648,2648,557705,17,34,4184,1,4,389,31,1380,90940,1800,1800,343603,16,32,3966,1,4,389,28,1234,78790
201912,422,19660, ,Deltona-Daytona Beach-Ormond Beach  FL ,2603,2603,749405,104,208,31920,0,0,0,14,595,63170,1969,1969,579519,102,204,31360,0,0,0,9,477,48663
201912,422,29460, ,Lakeland-Winter Haven  FL ,6078,6078,1354354,15,30,2851,11,44,8284,92,1880,233737,6052,6052,1347869,15,30,2851,11,44,8284,92,1880,233737
201912,422,36740, ,Orlando-Kissimmee-Sanford  FL ,15017,15017,4118611,129,258,47887,38,150,24268,196,9353,1045650,13362,13362,3636551,128,256,47387,37,147,23784,171,8823,995283
201912,422,45540,C,The Villages  FL ,2657,2657,693743,0,0,0,0,0,0,8,271,46334,2657,2657,693743,0,0,0,0,0,0,8,271,46334
201912,425,37620, ,Parkersburg-Vienna  WV ,51,51,10334,9,18,1736,12,48,3840,0,0,0,51,51,10334,9,18,1736,12,48,3840,0,0,0
201912,426,37860,C,Pensacola-Ferry Pass-Brent  FL ,2705,2705,539949,36,72,11223,5,17,1190,4,397,43690,2649,2649,527718,35,70,10982,5,17,1190,4,397,43690
201912,428,12100,C,Atlantic City-Hammonton  NJ ,363,363,104237,4,8,1088,0,0,0,53,585,42297,338,338,91534,4,8,1088,0,0,0,39,377,23370
201912,428,20100,C,Dover  DE ,1217,1217,174148,21,42,4509,0,0,0,13,82,6392,1027,1027,150868,21,42,4509,0,0,0,13,82,6392
201912,428,36140,C,Ocean City  NJ ,550,550,232000,90,180,28908,13,42,3745,19,98,2483,550,550,232000,90,180,28908,13,42,3745,19,98,2483
201912,428,37980,C,Philadelphia-Camden-Wilmington  PA-NJ-DE-MD ,6920,6920,1353841,197,394,59154,212,724,115723,414,7384,724597,4479,4479,1005079,186,372,57036,209,715,115188,338,6821,670339
201912,428,39740, ,Reading  PA ,40,40,8419,0,0,0,0,0,0,0,0,0,24,24,3916,0,0,0,0,0,0,0,0,0
201912,428,47220,C,Vineland-Bridgeton  NJ ,136,136,11832,0,0,0,0,0,0,0,0,0,116,116,10336,0,0,0,0,0,0,0,0,0
201912,429,38060,C,Phoenix-Mesa-Chandler  AZ ,24937,24937,6649553,332,664,84629,50,166,36904,224,9633,1370709,24476,24476,6558798,322,644,82549,49,163,36604,211,8310,1143241
201912,430,38300, ,Pittsburgh  PA ,903,903,280590,6,12,2349,12,46,5851,17,594,61285,646,646,212473,2,4,940,12,46,5851,4,20,2170
201912,430,48260, ,Weirton-Steubenville  WV-OH ,0,0,0,0,0,0,0,0,0,0,0,0,0,0,0,0,0,0,0,0,0,0,0,0
201912,438,30340, ,Lewiston-Auburn  ME ,55,55,11104,2,4,885,0,0,0,1,53,9350,44,44,9168,2,4,885,0,0,0,1,53,9350
201912,438,38860, ,Portland-South Portland  ME ,1250,1250,344387,83,166,33565,4,13,1992,41,730,97419,689,689,193724,76,152,30885,2,6,500,24,273,25130
201912,440,10540, ,Albany-Lebanon  OR ,384,384,88858,0,0,0,0,0,0,26,250,23550,341,341,80358,0,0,0,0,0,0,18,210,20201
201912,440,18700, ,Corvallis  OR ,92,92,22774,0,0,0,6,24,5355,6,300,48798,92,92,22774,0,0,0,6,24,5355,6,300,48798
201912,440,31020, ,Longview  WA ,230,230,52254,0,0,0,0,0,0,0,0,0,230,230,52254,0,0,0,0,0,0,0,0,0
201912,440,38900, ,Portland-Vancouver-Hillsboro  OR-WA ,7636,7636,2215045,135,270,52208,38,134,19794,287,8716,1059863,5501,5501,1569150,131,262,50434,35,124,18473,273,8556,1040734
201912,440,41420, ,Salem  OR ,711,711,212526,25,50,9708,4,13,2254,47,748,70743,711,711,212526,25,50,9708,4,13,2254,47,748,70743
201912,444,39380,C,Pueblo  CO ,484,484,78253,0,0,0,1,4,510,0,0,0,484,484,78253,0,0,0,1,4,510,0,0,0
201912,450,20500,C,Durham-Chapel Hill  NC ,3561,3561,808072,3,6,490,7,28,7000,54,2200,329396,1490,1490,410370,1,2,150,0,0,0,17,348,48800
201912,450,39580,C,Raleigh-Cary  NC ,11687,11687,2488761,12,24,3544,8,29,5291,77,3232,379890,11663,11663,2484561,12,24,3544,8,29,5291,77,3232,379890
201912,452,39660, ,Rapid City  SD ,407,407,95198,19,38,5806,6,24,2300,10,189,18536,407,407,95198,19,38,5806,6,24,2300,10,189,18536
201912,454,39820, ,Redding  CA ,227,227,66072,0,0,0,0,0,0,3,67,7218,227,227,66072,0,0,0,0,0,0,3,67,7218
201912,456,16180,C,Carson City  NV ,172,172,45786,0,0,0,1,3,382,6,73,7289,172,172,45786,0,0,0,1,3,382,6,73,7289
201912,456,39900,C,Reno  NV ,2083,2083,587340,23,46,4600,17,58,8294,148,3002,375469,388,388,100727,1,2,49,4,12,2092,39,948,106206
201912,462,40340, ,Rochester  MN ,344,344,90337,0,0,0,0,0,0,13,478,53394,344,344,90337,0,0,0,0,0,0,13,478,53394
201912,464,40380, ,Rochester  NY ,1039,1039,271508,18,36,4937,15,52,5024,57,795,104774,934,934,253729,18,36,4937,11,40,4254,52,763,102202
201912,466,40420, ,Rockford  IL ,179,179,23826,32,64,8792,2,7,980,0,0,0,179,179,23826,32,64,8792,2,7,980,0,0,0
201912,472,40900,C,Sacramento-Roseville-Folsom  CA ,7174,7174,2142235,85,170,29948,9,34,5991,57,1995,309447,7159,7159,2138757,85,170,29948,9,34,5991,57,1995,309447
201912,474,13020, ,Bay City  MI ,13,13,3291,0,0,0,0,0,0,0,0,0,13,13,3291,0,0,0,0,0,0,0,0,0
201912,474,33220, ,Midland  MI ,39,39,5572,3,6,766,0,0,0,0,0,0,38,38,5364,3,6,766,0,0,0,0,0,0
201912,474,40980, ,Saginaw  MI ,31,31,7150,1,2,400,8,31,1550,0,0,0,31,31,7150,1,2,400,8,31,1550,0,0,0
201912,476,41180, ,St. Louis  MO-IL ,5208,5208,1462191,42,84,10158,45,170,22383,95,1524,162441,4156,4156,1081797,41,82,9755,42,161,21306,77,1204,119216
201912,480,41540, ,Salisbury  MD-DE ,3344,3344,485408,58,116,14774,26,97,10022,46,269,36400,3313,3313,479857,58,116,14774,26,97,10022,46,269,36400
201912,482,36260, ,Ogden-Clearfield  UT ,2554,2554,659632,6,12,1935,50,179,25221,67,810,94754,2378,2378,620118,5,10,1625,43,156,22165,56,726,83938
201912,482,39340, ,Provo-Orem  UT ,5409,5409,1539792,8,16,2462,19,73,11956,69,1435,213323,5300,5300,1491406,8,16,2462,16,62,11097,69,1435,213323
201912,482,41620, ,Salt Lake City  UT ,4774,4774,1164625,89,178,23195,48,170,30611,124,5488,801305,3584,3584,924680,58,116,17746,33,115,22492,114,5291,771588
201912,484,41700,C,San Antonio-New Braunfels  TX ,9129,9129,2112620,43,86,10973,40,156,16969,211,6548,718679,8146,8146,1937869,43,86,10973,38,150,16969,205,6514,711433
201912,488,32900, ,Merced  CA ,175,175,39908,0,0,0,0,0,0,0,0,0,175,175,39908,0,0,0,0,0,0,0,0,0
201912,488,33700, ,Modesto  CA ,16,16,2946,0,0,0,0,0,0,0,0,0,16,16,2946,0,0,0,0,0,0,0,0,0
201912,488,41860,C,San Francisco-Oakland-Berkeley  CA ,4058,4058,1519130,63,126,36838,43,152,36434,212,9796,2246730,3272,3272,1188861,49,98,23804,23,83,18691,123,7908,1836937
201912,488,41940,C,San Jose-Sunnyvale-Santa Clara  CA ,2565,2565,916238,13,26,7175,15,53,12939,124,3841,661727,1605,1605,559637,10,20,5585,6,21,4153,87,2620,409455
201912,488,42100, ,Santa Cruz-Watsonville  CA ,128,128,27104,0,0,0,8,26,2985,18,110,11188,0,0,0,0,0,0,0,0,0,0,0,0
201912,488,42220, ,Santa Rosa-Petaluma  CA ,1993,1993,676981,0,0,0,0,0,0,13,251,41604,1993,1993,676981,0,0,0,0,0,0,13,251,41604
201912,488,44700, ,Stockton  CA ,1869,1869,596840,0,0,0,0,0,0,24,334,40970,819,819,267319,0,0,0,0,0,0,24,334,40970
201912,488,46700, ,Vallejo  CA ,816,816,235718,0,0,0,0,0,0,0,0,0,816,816,235718,0,0,0,0,0,0,0,0,0
201912,496,25980, ,Hinesville  GA ,286,286,63320,2,4,377,0,0,0,20,464,48803,286,286,63320,2,4,377,0,0,0,20,464,48803
201912,496,42340, ,Savannah  GA ,2179,2179,528879,1,2,292,1,4,340,34,442,38299,1299,1299,338391,0,0,0,1,4,340,9,242,28299
201912,500,14740,C,Bremerton-Silverdale-Port Orchard  WA ,931,931,285491,5,10,2323,1,4,950,9,172,14510,931,931,285491,5,10,2323,1,4,950,9,172,14510
201912,500,34580, ,Mount Vernon-Anacortes  WA ,359,359,91978,1,2,401,0,0,0,0,0,0,359,359,91978,1,2,401,0,0,0,0,0,0
201912,500,36500, ,Olympia-Lacey-Tumwater  WA ,787,787,204311,14,28,5201,8,27,2982,36,846,85562,712,712,188352,14,28,5201,8,27,2982,27,778,82669
201912,500,42660,C,Seattle-Tacoma-Bellevue  WA ,8756,8756,3002684,287,574,128452,245,862,167168,424,16392,2254515,8103,8103,2738204,275,550,122830,239,842,164000,397,15480,2147213
201912,508,43340,C,Shreveport-Bossier City  LA ,1046,1046,220954,0,0,0,0,0,0,0,0,0,438,438,83177,0,0,0,0,0,0,0,0,0
201912,515,21140, ,Elkhart-Goshen  IN ,236,236,59236,0,0,0,0,0,0,0,0,0,236,236,59236,0,0,0,0,0,0,0,0,0
201912,515,35660, ,Niles  MI ,19,19,5232,0,0,0,0,0,0,0,0,0,16,16,4762,0,0,0,0,0,0,0,0,0
201912,515,43780, ,South Bend-Mishawaka  IN-MI ,322,322,94872,0,0,0,0,0,0,0,0,0,321,321,94576,0,0,0,0,0,0,0,0,0
201912,518,17660, ,Coeur dAlene  ID ,1424,1424,346598,31,62,10174,9,35,1417,53,852,83601,1007,1007,249524,24,48,7222,8,32,1208,42,562,50725
201912,518,44060, ,Spokane-Spokane Valley  WA ,1883,1883,493329,107,214,35896,4,15,2561,53,1181,138625,1883,1883,493329,107,214,35896,4,15,2561,53,1181,138625
201912,522,44100, ,Springfield  IL ,67,67,20521,14,28,4995,0,0,0,7,84,3500,59,59,18519,14,28,4995,0,0,0,7,84,3500
201912,524,44300, ,State College  PA ,257,257,77287,2,4,480,0,0,0,1,50,7000,257,257,77287,2,4,480,0,0,0,1,50,7000
201912,532,45060, ,Syracuse  NY ,257,257,55195,3,6,627,1,3,269,0,0,0,243,243,53051,3,6,627,1,3,269,0,0,0
201912,534,45780, ,Toledo  OH ,769,769,193116,7,14,2490,7,28,1990,20,453,25596,753,753,191314,7,14,2490,7,28,1990,19,448,25196
201912,536,46060,C,Tucson  AZ ,3183,3183,944513,18,36,7379,0,0,0,64,1032,152711,2491,2491,770511,3,6,3497,0,0,0,0,0,0
201912,538,46140,C,Tulsa  OK ,3371,3371,739726,17,34,2757,4,16,1520,26,879,116207,3309,3309,726261,17,34,2757,4,16,1520,19,783,108822
201912,540,46340, ,Tyler  TX ,392,392,108489,8,16,1692,2,8,1074,0,0,0,392,392,108489,8,16,1692,2,8,1074,0,0,0
201912,545,47260, ,Virginia Beach-Norfolk-Newport News  VA-NC ,4245,4245,966048,15,30,3356,12,43,6436,50,1465,109550,3626,3626,837830,9,18,2204,12,43,6436,50,1465,109550
201912,548,12580,C,Baltimore-Columbia-Towson  MD ,4798,4798,1006822,36,72,8514,7,25,5878,39,2068,336661,4798,4798,1006822,36,72,8514,7,25,5878,39,2068,336661
201912,548,15680,C,California-Lexington Park  MD ,615,615,135607,4,8,1300,0,0,0,6,66,11825,615,615,135607,4,8,1300,0,0,0,6,66,11825
201912,548,16540,C,Chambersburg-Waynesboro  PA ,332,332,68232,1,2,296,0,0,0,11,55,6342,195,195,40671,1,2,296,0,0,0,0,0,0
201912,548,25180, ,Hagerstown-Martinsburg  MD-WV ,1341,1341,274462,11,22,3868,32,128,10240,2,32,2350,1341,1341,274462,11,22,3868,32,128,10240,2,32,2350
201912,548,47900, ,Washington-Arlington-Alexandria  DC-VA-MD-WV ,12528,12528,2975362,76,152,14454,22,83,8288,206,13534,1796101,11669,11669,2758640,72,144,13482,22,83,8288,182,12840,1714728
201912,548,49020, ,Winchester  VA-WV ,682,682,145151,0,0,0,23,81,10554,2,96,1600,682,682,145151,0,0,0,23,81,10554,2,96,1600
201912,554,48140, ,Wausau-Weston  WI ,180,180,36966,13,26,3030,0,0,0,1,87,9500,56,56,13765,13,26,3030,0,0,0,1,87,9500
201912,556,48620, ,Wichita  KS ,916,916,189803,178,356,29565,7,25,3445,13,159,11126,148,148,39551,34,68,7242,4,16,2620,0,0,0
201912,558,48700, ,Williamsport  PA ,8,8,2108,5,10,1520,0,0,0,0,0,0,7,7,1850,5,10,1520,0,0,0,0,0,0
201912,566,49660, ,Youngstown-Warren-Boardman  OH-PA ,203,203,42143,2,4,407,1,3,467,0,0,0,203,203,42143,2,4,407,1,3,467,0,0,0
201912,999,10180, ,Abilene  TX ,334,334,68795,8,16,2093,0,0,0,0,0,0,333,333,68567,8,16,2093,0,0,0,0,0,0
201912,999,10500, ,Albany  GA ,143,143,16557,0,0,0,0,0,0,10,220,32839,18,18,3691,0,0,0,0,0,0,10,220,32839
201912,999,10780, ,Alexandria  LA ,174,174,43745,0,0,0,0,0,0,0,0,0,105,105,25548,0,0,0,0,0,0,0,0,0
201912,999,10900, ,Allentown-Bethlehem-Easton  PA-NJ ,329,329,77371,3,6,1603,0,0,0,16,181,24778,255,255,65873,0,0,0,0,0,0,4,94,10789
201912,999,11260,C,Anchorage  AK ,879,879,273689,11,22,3771,14,51,8697,22,225,33801,37,37,10039,11,22,3771,1,3,359,2,52,6450
201912,999,11500, ,Anniston-Oxford  AL ,72,72,7575,0,0,0,0,0,0,0,0,0,68,68,7255,0,0,0,0,0,0,0,0,0
201912,999,12260, ,Augusta-Richmond County  GA-SC ,2599,2599,518896,29,58,6447,24,87,6646,18,401,32501,1562,1562,314141,4,8,1255,24,87,6646,18,401,32501
201912,999,12420, ,Austin-Round Rock-Georgetown  TX ,18145,18145,4331634,128,256,30177,23,90,9743,369,13534,1430526,15684,15684,3823739,116,232,28071,20,80,8746,362,13454,1421895
201912,999,12540, ,Bakersfield  CA ,1705,1705,442838,10,20,2211,3,9,755,9,57,14232,298,298,53138,0,0,0,0,0,0,1,12,1789
201912,999,12620, ,Bangor  ME ,113,113,24037,19,38,5510,3,12,1221,0,0,0,113,113,24037,19,38,5510,3,12,1221,0,0,0
201912,999,12940, ,Baton Rouge  LA ,3569,3569,750167,5,10,1414,0,0,0,2,10,1886,1712,1712,413423,5,10,1414,0,0,0,2,10,1886
201912,999,13140, ,Beaumont-Port Arthur  TX ,601,601,127443,3,6,748,0,0,0,0,0,0,498,498,109683,3,6,748,0,0,0,0,0,0
201912,999,13220,C,Beckley  WV ,72,72,10533,0,0,0,0,0,0,0,0,0,43,43,6831,0,0,0,0,0,0,0,0,0
201912,999,13380, ,Bellingham  WA ,779,779,212610,25,50,9227,10,31,5476,26,892,105239,330,330,86637,14,28,4606,6,19,3283,24,882,104253
201912,999,13740, ,Billings  MT ,308,308,81576,25,50,9224,6,22,2935,0,0,0,308,308,81576,25,50,9224,6,22,2935,0,0,0
201912,999,13780, ,Binghamton  NY ,0,0,0,0,0,0,0,0,0,0,0,0,0,0,0,0,0,0,0,0,0,0,0,0
201912,999,13900, ,Bismarck  ND ,365,365,91037,14,28,3261,1,4,568,4,212,22975,304,304,74478,14,28,3261,1,4,568,4,212,22975
201912,999,13980, ,Blacksburg-Christiansburg  VA ,45,45,13020,0,0,0,0,0,0,2,129,14643,45,45,13020,0,0,0,0,0,0,2,129,14643
201912,999,15260, ,Brunswick  GA ,413,413,127857,5,10,1385,0,0,0,0,0,0,0,0,0,0,0,0,0,0,0,0,0,0
201912,999,16220, ,Casper  WY ,149,149,33269,9,18,1895,4,13,1020,0,0,0,87,87,17126,0,0,0,1,4,315,0,0,0
201912,999,16580, ,Champaign-Urbana  IL ,103,103,26583,0,0,0,1,3,816,12,772,98912,103,103,26583,0,0,0,1,3,816,12,772,98912
201912,999,16700,C,Charleston-North Charleston  SC ,4767,4767,1288788,3,6,2441,6,19,1508,77,1962,120590,1745,1745,547312,3,6,2441,0,0,0,2,10,1951
201912,999,16820, ,Charlottesville  VA ,704,704,213140,3,6,1140,0,0,0,14,318,33078,0,0,0,0,0,0,0,0,0,0,0,0
201912,999,16940, ,Cheyenne  WY ,383,383,75264,0,0,0,6,24,2801,4,22,2135,383,383,75264,0,0,0,6,24,2801,4,22,2135
201912,999,17020, ,Chico  CA ,353,353,69995,3,6,915,16,64,6307,36,471,58282,353,353,69995,3,6,915,16,64,6307,36,471,58282
201912,999,17300,C,Clarksville  TN-KY ,1837,1837,276282,15,30,2185,29,105,6821,40,301,26190,876,876,167629,4,8,649,4,16,1547,14,137,16249
201912,999,17780, ,College Station-Bryan  TX ,1089,1089,209620,34,68,8531,2,6,750,11,315,32418,1016,1016,194722,34,68,8531,2,6,750,11,315,32418
201912,999,17820,C,Colorado Springs  CO ,4051,4051,1516539,49,98,8321,11,43,6742,46,1316,178254,4051,4051,1516539,49,98,8321,11,43,6742,46,1316,178254
201912,999,18880,C,Crestview-Fort Walton Beach-Destin  FL ,2393,2393,936207,5,10,1462,21,82,8190,61,1059,133385,2211,2211,887574,5,10,1462,21,82,8190,61,1059,133385
201912,999,19060, ,Cumberland  MD-WV ,40,40,8905,0,0,0,0,0,0,0,0,0,40,40,8905,0,0,0,0,0,0,0,0,0
201912,999,19180, ,Danville  IL ,0,0,0,0,0,0,0,0,0,0,0,0,0,0,0,0,0,0,0,0,0,0,0,0
201912,999,19500, ,Decatur  IL ,16,16,4112,0,0,0,0,0,0,0,0,0,16,16,4112,0,0,0,0,0,0,0,0,0
201912,999,20220, ,Dubuque  IA ,110,110,37143,0,0,0,0,0,0,1,6,400,110,110,37143,0,0,0,0,0,0,1,6,400
201912,999,20260, ,Duluth  MN-WI ,76,76,15734,3,6,1091,0,0,0,0,0,0,75,75,15495,3,6,1091,0,0,0,0,0,0
201912,999,20940, ,El Centro  CA ,203,203,39687,0,0,0,0,0,0,6,72,5397,202,202,39472,0,0,0,0,0,0,6,72,5397
201912,999,21420, ,Enid  OK ,26,26,6412,0,0,0,0,0,0,0,0,0,26,26,6412,0,0,0,0,0,0,0,0,0
201912,999,21660, ,Eugene-Springfield  OR ,624,624,153435,6,12,1890,4,16,1452,34,304,34226,369,369,90169,6,12,1890,4,16,1452,34,304,34226
201912,999,21780, ,Evansville  IN-KY ,617,617,159034,30,60,5805,0,0,0,9,217,22870,617,617,159034,30,60,5805,0,0,0,9,217,22870
201912,999,21820,C,Fairbanks  AK ,7,7,2357,0,0,0,4,16,2228,0,0,0,7,7,2357,0,0,0,4,16,2228,0,0,0
201912,999,22140,C,Farmington  NM ,74,74,16928,2,4,651,1,3,180,1,8,500,74,74,16928,2,4,651,1,3,180,1,8,500
201912,999,22220, ,Fayetteville-Springdale-Rogers  AR-MO ,4145,4145,1051696,59,118,22420,25,98,13912,100,2542,246646,3597,3597,943808,56,112,21716,24,95,13667,71,2195,218904
201912,999,22380, ,Flagstaff  AZ ,491,491,92485,3,6,686,0,0,0,5,183,16303,491,491,92485,3,6,686,0,0,0,5,183,16303
201912,999,22500, ,Florence  SC ,426,426,57171,3,6,433,0,0,0,18,264,22452,0,0,0,0,0,0,0,0,0,0,0,0
201912,999,22520, ,Florence-Muscle Shoals  AL ,209,209,25903,3,6,225,0,0,0,2,20,800,71,71,9628,3,6,225,0,0,0,2,20,800
201912,999,22540, ,Fond du Lac  WI ,65,65,17654,0,0,0,2,8,1600,8,104,7362,62,62,16749,0,0,0,2,8,1600,8,104,7362
201912,999,22660,C,Fort Collins  CO ,1596,1596,430298,7,14,1965,14,54,6078,62,877,119494,1235,1235,344062,7,14,1965,14,54,6078,43,741,107436
201912,999,22900, ,Fort Smith  AR-OK ,313,313,56396,87,174,30438,5,17,1188,1,8,640,268,268,51806,85,170,30098,2,8,423,1,8,640
201912,999,23460, ,Gadsden  AL ,58,58,10471,0,0,0,0,0,0,0,0,0,58,58,10471,0,0,0,0,0,0,0,0,0
201912,999,24220, ,Grand Forks  ND-MN ,90,90,25666,5,10,2563,0,0,0,3,45,5759,90,90,25666,5,10,2563,0,0,0,3,45,5759
201912,999,24260, ,Grand Island  NE ,71,71,15584,4,8,826,0,0,0,3,26,2746,71,71,15584,4,8,826,0,0,0,3,26,2746
201912,999,24300,C,Grand Junction  CO ,619,619,111351,7,14,1773,0,0,0,4,126,9310,619,619,111351,7,14,1773,0,0,0,4,126,9310
201912,999,24500,C,Great Falls  MT ,122,122,33687,0,0,0,0,0,0,1,12,1002,122,122,33687,0,0,0,0,0,0,1,12,1002
201912,999,25060, ,Gulfport-Biloxi  MS ,2034,2034,372951,9,18,2160,9,30,3011,13,106,8974,1131,1131,232166,3,6,869,0,0,0,0,0,0
201912,999,25860, ,Hickory-Lenoir-Morganton  NC ,11,11,1656,1,2,360,0,0,0,14,73,4067,0,0,0,0,0,0,0,0,0,0,0,0
201912,999,25940, ,Hilton Head Island-Bluffton  SC ,858,858,292324,0,0,0,0,0,0,2,24,4680,359,359,178609,0,0,0,0,0,0,2,24,4680
201912,999,26140, ,Homosassa Springs  FL ,693,693,142867,5,10,273,0,0,0,5,40,3458,0,0,0,0,0,0,0,0,0,0,0,0
201912,999,26380, ,Houma-Thibodaux  LA ,455,455,102746,8,16,1269,3,9,785,0,0,0,316,316,64839,1,2,180,0,0,0,0,0,0
201912,999,27100, ,Jackson  MI ,6,6,952,0,0,0,0,0,0,0,0,0,6,6,952,0,0,0,0,0,0,0,0,0
201912,999,27340,C,Jacksonville  NC ,1303,1303,192288,8,16,1956,3,12,876,0,0,0,1303,1303,192288,8,16,1956,3,12,876,0,0,0
201912,999,27980,C,Kahului-Wailuku-Lahaina  HI ,513,513,170615,6,12,2786,17,68,28225,2,64,16430,513,513,170615,6,12,2786,17,68,28225,2,64,16430
201912,999,28660,C,Killeen-Temple  TX ,2277,2277,394891,130,260,23790,0,0,0,0,0,0,1189,1189,241097,128,256,23573,0,0,0,0,0,0
201912,999,29100, ,La Crosse-Onalaska  WI-MN ,182,182,49690,23,46,7827,4,15,2205,11,251,24938,182,182,49690,23,46,7827,4,15,2205,11,251,24938
201912,999,29420, ,Lake Havasu City-Kingman  AZ ,1044,1044,224645,31,62,5140,0,0,0,0,0,0,1044,1044,224645,31,62,5140,0,0,0,0,0,0
201912,999,29540, ,Lancaster  PA ,56,56,12008,10,20,2459,2,6,600,1,7,2800,33,33,6231,4,8,1160,0,0,0,0,0,0
201912,999,29620, ,Lansing-East Lansing  MI ,113,113,28256,2,4,490,0,0,0,7,35,3979,76,76,22059,2,4,490,0,0,0,0,0,0
201912,999,29700, ,Laredo  TX ,1144,1144,171043,33,66,2510,9,31,1284,20,184,14634,0,0,0,0,0,0,0,0,0,0,0,0
201912,999,30020, ,Lawton  OK ,52,52,11179,0,0,0,0,0,0,0,0,0,52,52,11179,0,0,0,0,0,0,0,0,0
201912,999,30300, ,Lewiston  ID-WA ,3,3,516,1,2,228,0,0,0,3,49,3956,3,3,516,1,2,228,0,0,0,3,49,3956
201912,999,30860, ,Logan  UT-ID ,182,182,39620,5,10,1594,8,31,4241,15,346,45097,182,182,39620,5,10,1594,8,31,4241,15,346,45097
201912,999,30980, ,Longview  TX ,152,152,29861,1,2,200,0,0,0,2,12,808,0,0,0,0,0,0,0,0,0,0,0,0
201912,999,31340, ,Lynchburg  VA ,123,123,26171,2,4,400,4,13,2615,13,290,24848,123,123,26171,2,4,400,4,13,2615,13,290,24848
201912,999,31740, ,Manhattan  KS ,233,233,67534,2,4,557,0,0,0,2,67,7854,220,220,64152,2,4,557,0,0,0,2,67,7854
201912,999,33540,C,Missoula  MT ,421,421,93942,11,22,1820,7,26,903,14,190,17367,421,421,93942,11,22,1820,7,26,903,14,190,17367
201912,999,36100, ,Ocala  FL ,2339,2339,484241,3,6,266,3,12,450,0,0,0,2339,2339,484241,3,6,266,3,12,450,0,0,0
201912,999,36980, ,Owensboro  KY ,280,280,26679,2,4,234,2,8,365,5,31,2560,277,277,26065,2,4,234,2,8,365,5,31,2560
201912,999,37340, ,Palm Bay-Melbourne-Titusville  FL ,2144,2144,712047,2,4,1268,0,0,0,63,1716,178892,2144,2144,712047,2,4,1268,0,0,0,63,1716,178892
201912,999,37460, ,Panama City  FL ,767,767,204185,3,6,665,0,0,0,69,413,13174,0,0,0,0,0,0,0,0,0,0,0,0
201912,999,37900, ,Peoria  IL ,34,34,11896,0,0,0,0,0,0,4,20,3056,34,34,11896,0,0,0,0,0,0,0,0,0
201912,999,38340, ,Pittsfield  MA ,5,5,2668,0,0,0,0,0,0,0,0,0,1,1,1435,0,0,0,0,0,0,0,0,0
201912,999,38540, ,Pocatello  ID ,242,242,30328,2,4,247,5,20,1160,1,6,450,204,204,21664,2,4,247,5,20,1160,1,6,450
201912,999,39150, ,Prescott Valley-Prescott  AZ ,1340,1340,396699,29,58,8249,0,0,0,19,318,38041,888,888,263101,28,56,7941,0,0,0,19,318,38041
201912,999,40060, ,Richmond  VA ,4462,4462,896664,87,174,8134,51,196,23556,98,3489,273419,4323,4323,877443,87,174,8134,51,196,23556,94,3466,271437
201912,999,41100, ,St. George  UT ,1781,1781,354277,18,36,3290,38,138,18363,26,811,81947,1774,1774,353890,18,36,3290,38,138,18363,26,811,81947
201912,999,41500, ,Salinas  CA ,244,244,76237,2,4,892,4,13,4081,9,54,12126,244,244,76237,2,4,892,4,13,4081,9,54,12126
201912,999,41660,C,San Angelo  TX ,283,283,61492,0,0,0,0,0,0,0,0,0,283,283,61492,0,0,0,0,0,0,0,0,0
201912,999,41740,C,San Diego-Chula Vista-Carlsbad  CA ,3023,3023,966223,55,110,23821,117,409,89470,161,4540,627073,2572,2572,872178,55,110,23821,117,409,89470,152,4250,590885
201912,999,42020, ,San Luis Obispo-Paso Robles  CA ,339,339,102406,1,2,696,0,0,0,0,0,0,339,339,102406,1,2,696,0,0,0,0,0,0
201912,999,42200, ,Santa Maria-Santa Barbara  CA ,241,241,125105,0,0,0,0,0,0,3,17,2984,241,241,125105,0,0,0,0,0,0,3,17,2984
201912,999,42540, ,Scranton--Wilkes-Barre  PA ,57,57,13447,1,2,379,0,0,0,0,0,0,53,53,12554,1,2,379,0,0,0,0,0,0
201912,999,43100, ,Sheboygan  WI ,14,14,4617,0,0,0,0,0,0,0,0,0,10,10,3794,0,0,0,0,0,0,0,0,0
201912,999,43420, ,Sierra Vista-Douglas  AZ ,240,240,48405,0,0,0,0,0,0,1,5,483,236,236,48111,0,0,0,0,0,0,0,0,0
201912,999,43580, ,Sioux City  IA-NE-SD ,133,133,35798,0,0,0,3,9,0,0,0,0,28,28,5920,0,0,0,0,0,0,0,0,0
201912,999,43620, ,Sioux Falls  SD ,1288,1288,271379,5,10,1740,5,20,2762,36,705,67366,1288,1288,271379,5,10,1740,5,20,2762,36,705,67366
201912,999,44140, ,Springfield  MA ,36,36,10092,4,8,1316,3,9,792,0,0,0,14,14,5000,2,4,500,0,0,0,0,0,0
201912,999,44180, ,Springfield  MO ,720,720,165354,18,36,4288,8,32,4263,3,46,6308,720,720,165354,18,36,4288,8,32,4263,3,46,6308
201912,999,44940, ,Sumter  SC ,283,283,38612,1,2,200,0,0,0,2,48,2500,283,283,38612,1,2,200,0,0,0,2,48,2500
201912,999,45220, ,Tallahassee  FL ,961,961,188968,7,14,1551,0,0,0,45,1261,162013,283,283,54828,0,0,0,0,0,0,0,0,0
201912,999,45300,C,Tampa-St. Petersburg-Clearwater  FL ,14667,14667,3966641,82,164,21361,27,103,9106,196,8624,1080454,14582,14582,3938444,72,144,18608,27,103,9106,184,8564,1065494
201912,999,45460, ,Terre Haute  IN ,24,24,5091,12,24,3159,0,0,0,0,0,0,24,24,5091,12,24,3159,0,0,0,0,0,0
201912,999,45500, ,Texarkana  TX-AR ,31,31,6451,0,0,0,0,0,0,0,0,0,0,0,0,0,0,0,0,0,0,0,0,0
201912,999,45820, ,Topeka  KS ,248,248,55197,2,4,460,3,9,842,0,0,0,248,248,55197,2,4,460,3,9,842,0,0,0
201912,999,46220, ,Tuscaloosa  AL ,485,485,115392,3,6,1425,40,149,9542,14,689,126556,164,164,40884,0,0,0,0,0,0,0,0,0
201912,999,46300, ,Twin Falls  ID ,529,529,98067,16,32,4519,48,192,16394,1,6,534,529,529,98067,16,32,4519,48,192,16394,1,6,534
201912,999,46520,C,Urban Honolulu  HI ,970,970,388405,0,0,0,8,24,15591,48,1614,304999,0,0,0,0,0,0,0,0,0,0,0,0
201912,999,46540, ,Utica-Rome  NY ,8,8,927,0,0,0,1,3,225,2,12,900,8,8,927,0,0,0,1,3,225,2,12,900
201912,999,46660, ,Valdosta  GA ,1072,1072,198868,5,10,663,0,0,0,0,0,0,533,533,107949,0,0,0,0,0,0,0,0,0
201912,999,47300, ,Visalia  CA ,1572,1572,355073,21,42,3608,4,15,1914,13,114,9766,1572,1572,355073,21,42,3608,4,15,1914,13,114,9766
201912,999,47380, ,Waco  TX ,624,624,132893,19,38,3556,0,0,0,23,276,16085,624,624,132893,19,38,3556,0,0,0,23,276,16085
201912,999,47940, ,Waterloo-Cedar Falls  IA ,96,96,26227,0,0,0,2,8,820,1,5,400,96,96,26227,0,0,0,2,8,820,1,5,400
201912,999,48060, ,Watertown-Fort Drum  NY ,129,129,17189,0,0,0,0,0,0,0,0,0,7,7,1265,0,0,0,0,0,0,0,0,0
201912,999,48300, ,Wenatchee  WA ,539,539,115378,6,12,2022,5,18,2787,8,89,10011,264,264,66371,6,12,2022,5,18,2787,8,89,10011
201912,999,48540, ,Wheeling  WV-OH ,1,1,100,0,0,0,0,0,0,0,0,0,1,1,100,0,0,0,0,0,0,0,0,0
201912,999,48660, ,Wichita Falls  TX ,12,12,1945,0,0,0,0,0,0,0,0,0,12,12,1945,0,0,0,0,0,0,0,0,0
201912,999,48900, ,Wilmington  NC ,1322,1322,424288,2,4,1344,0,0,0,64,1598,190328,1310,1310,420418,2,4,1344,0,0,0,64,1598,190328
201912,999,49420, ,Yakima  WA ,412,412,99349,33,66,10607,9,31,2696,21,370,30665,412,412,99349,33,66,10607,9,31,2696,21,370,30665
201912,999,49740, ,Yuma  AZ ,1152,1152,177784,3,6,586,0,0,0,0,0,0,1152,1152,177784,3,6,586,0,0,0,0,0,0
